0.000000 3.632813 0.390624 -0.117187 0.312499 -3.710939 -0.351564 -0.292969 -0.917969 1.054688 0.624999 -1.230469 -2.792969 
0.050000 3.598067 0.439802 -0.108175 0.188630 -3.600647 -0.285750 -0.154021 -1.008132 1.064902 0.621193 -1.186704 -2.545563 
0.100000 3.548189 0.491774 -0.093352 0.055699 -3.471700 -0.206850 -0.001222 -1.099019 1.083711 0.609243 -1.127513 -2.286086 
0.150000 3.483833 0.546715 -0.072696 -0.085304 -3.325263 -0.116103 0.163159 -1.189875 1.111615 0.588426 -1.054476 -2.017168 
0.200000 3.405795 0.604706 -0.046279 -0.233281 -3.162702 -0.014918 0.336715 -1.279808 1.148898 0.558145 -0.969409 -1.741547 
0.250000 3.315007 0.665734 -0.014259 -0.387041 -2.985574 0.095142 0.516929 -1.367807 1.195619 0.517929 -0.874330 -1.462038 
0.300000 3.212528 0.729683 0.023124 -0.545308 -2.795603 0.212386 0.701221 -1.452754 1.251612 0.467449 -0.771424 -1.181500 
0.350000 3.099533 0.796331 0.065553 -0.706735 -2.594670 0.335025 0.886978 -1.533441 1.316485 0.406525 -0.663009 -0.902796 
0.400000 2.977304 0.865352 0.112640 -0.869921 -2.384782 0.461192 1.071595 -1.608591 1.389625 0.335125 -0.551496 -0.628765 
0.450000 2.847212 0.936312 0.163935 -1.033425 -2.168051 0.588979 1.252514 -1.676881 1.470206 0.253373 -0.439347 -0.362181 
0.500000 2.710710 1.008676 0.218931 -1.195779 -1.946672 0.716459 1.427261 -1.736966 1.557204 0.161550 -0.329033 -0.105721 
0.550000 2.569308 1.081812 0.277075 -1.355513 -1.722889 0.841719 1.593476 -1.787498 1.649409 0.060088 -0.222999 0.138065 
0.600000 2.424565 1.154996 0.337775 -1.511162 -1.498973 0.962889 1.748957 -1.827161 1.745447 -0.050426 -0.123613 0.366793 
0.650000 2.278065 1.227426 0.400409 -1.661293 -1.277188 1.078168 1.891678 -1.854687 1.843799 -0.169265 -0.033134 0.578264 
0.700000 2.131402 1.298228 0.464335 -1.804516 -1.059768 1.185856 2.019830 -1.868889 1.942827 -0.295562 0.046329 0.770503 
0.750000 1.986159 1.366470 0.528895 -1.939504 -0.848883 1.284373 2.131836 -1.868682 2.040799 -0.428321 0.112853 0.941770 
0.800000 1.843894 1.431176 0.593431 -2.065006 -0.646613 1.372289 2.226376 -1.853109 2.135918 -0.566431 0.164733 1.090591 
0.850000 1.706115 1.491343 0.657286 -2.179868 -0.454921 1.448342 2.302404 -1.821361 2.226350 -0.708679 0.200511 1.215771 
0.900000 1.574267 1.545954 0.719815 -2.283044 -0.275628 1.511458 2.359161 -1.772802 2.310258 -0.853758 0.219003 1.316408 
0.950000 1.449712 1.593999 0.780392 -2.373608 -0.110387 1.560764 2.396182 -1.706981 2.385825 -1.000294 0.219319 1.391902 
1.000000 1.333712 1.634487 0.838417 -2.450772 0.039336 1.595607 2.413301 -1.623655 2.451294 -1.146850 0.200878 1.441961 
1.050000 1.227414 1.666470 0.893320 -2.513890 0.172283 1.615558 2.410650 -1.522795 2.504990 -1.291956 0.163423 1.466606 
1.100000 1.131835 1.689056 0.944567 -2.562469 0.287421 1.620418 2.388655 -1.404599 2.545349 -1.434117 0.107024 1.466161 
1.150000 1.047852 1.701431 0.991667 -2.596176 0.383951 1.610225 2.348024 -1.269498 2.570952 -1.571838 0.032079 1.441254 
1.200000 0.976185 1.702869 1.034171 -2.614846 0.461327 1.585248 2.289736 -1.118159 2.580542 -1.703642 -0.060686 1.392802 
1.250000 0.917394 1.692755 1.071679 -2.618477 0.519254 1.545984 2.215023 -0.951479 2.573050 -1.828085 -0.170231 1.321998 
1.300000 0.871867 1.670594 1.103840 -2.607239 0.557695 1.493150 2.125345 -0.770587 2.547614 -1.943777 -0.295214 1.230292 
1.350000 0.839816 1.636028 1.130354 -2.581466 0.576873 1.427671 2.022370 -0.576829 2.503599 -2.049402 -0.434011 1.119370 
1.400000 0.821275 1.588846 1.150971 -2.541658 0.577264 1.350666 1.907944 -0.371761 2.440603 -2.143730 -0.584741 0.991130 
1.450000 0.816099 1.528991 1.165494 -2.488468 0.559591 1.263429 1.784061 -0.157125 2.358475 -2.225633 -0.745290 0.847657 
1.500000 0.823965 1.456571 1.173778 -2.422703 0.524814 1.167410 1.652830 0.065159 2.257315 -2.294103 -0.913347 0.691187 
1.550000 0.844376 1.371863 1.175723 -2.345308 0.474114 1.064190 1.516444 0.293028 2.137478 -2.348264 -1.086437 0.524085 
1.600000 0.876665 1.275315 1.171281 -2.257354 0.408879 0.955461 1.377141 0.524291 1.999574 -2.387378 -1.261959 0.348804 
1.650000 0.920009 1.167543 1.160448 -2.160029 0.330683 0.842993 1.237173 0.756662 1.844459 -2.410862 -1.437224 0.167857 
1.700000 0.973431 1.049337 1.143261 -2.054621 0.241260 0.728614 1.098768 0.987790 1.673228 -2.418289 -1.609501 -0.016220 
1.750000 1.035821 0.921646 1.119801 -1.942500 0.142486 0.614176 0.964097 1.215287 1.487200 -2.409397 -1.776052 -0.200900 
1.800000 1.105944 0.785577 1.090181 -1.825103 0.036348 0.501528 0.835240 1.436764 1.287902 -2.384091 -1.934184 -0.383701 
1.850000 1.182458 0.642383 1.054551 -1.703915 -0.075085 0.392490 0.714154 1.649862 1.077050 -2.342447 -2.081279 -0.562216 
1.900000 1.263932 0.493450 1.013092 -1.580451 -0.189689 0.288822 0.602645 1.852287 0.856525 -2.284705 -2.214847 -0.734144 
1.950000 1.348862 0.340282 0.966011 -1.456234 -0.305316 0.192199 0.502341 2.041840 0.628347 -2.211271 -2.332555 -0.897324 
2.000000 1.435694 0.184486 0.913541 -1.332780 -0.419822 0.104184 0.414664 2.216452 0.394649 -2.122713 -2.432270 -1.049755 
2.050000 1.522840 0.027752 0.855934 -1.211573 -0.531103 0.026206 0.340817 2.374213 0.157646 -2.019748 -2.512091 -1.189625 
2.100000 1.608703 -0.128167 0.793465 -1.094052 -0.637118 -0.040462 0.281759 2.513403 -0.080395 -1.903239 -2.570379 -1.315333 
2.150000 1.691696 -0.281477 0.726424 -0.981588 -0.735922 -0.094726 0.238197 2.632514 -0.317185 -1.774184 -2.605782 -1.425504 
2.200000 1.770261 -0.430364 0.655115 -0.875468 -0.825691 -0.135679 0.210576 2.730279 -0.550449 -1.633698 -2.617260 -1.519007 
2.250000 1.842891 -0.573020 0.579856 -0.776880 -0.904749 -0.162623 0.199073 2.805689 -0.777954 -1.483008 -2.604102 -1.594964 
2.300000 1.908153 -0.707664 0.500979 -0.686895 -0.971592 -0.175074 0.203598 2.858010 -0.997542 -1.323432 -2.565937 -1.652757 
2.350000 1.964700 -0.832567 0.418822 -0.606458 -1.024905 -0.172772 0.223795 2.886799 -1.207159 -1.156365 -2.502742 -1.692037 
2.400000 2.011294 -0.946076 0.333740 -0.536369 -1.063583 -0.155682 0.259053 2.891910 -1.404886 -0.983266 -2.414843 -1.712715 
2.450000 2.046823 -1.046636 0.246091 -0.477281 -1.086746 -0.123995 0.308515 2.873501 -1.588963 -0.805636 -2.302914 -1.714967 
2.500000 2.070311 -1.132811 0.156250 -0.429687 -1.093751 -0.078126 0.371095 2.832032 -1.757812 -0.625002 -2.167968 -1.699219 
2.550000 2.080936 -1.203310 0.064597 -0.393914 -1.084200 -0.018702 0.445495 2.768266 -1.910064 -0.442902 -2.011342 -1.666141 
2.600000 2.078038 -1.256996 -0.028473 -0.370123 -1.057942 0.053440 0.530228 2.683254 -2.044571 -0.260866 -1.834681 -1.616631 
2.650000 2.061130 -1.292913 -0.122556 -0.358304 -1.015079 0.137273 0.623645 2.578329 -2.160424 -0.080401 -1.639910 -1.551794 
2.700000 2.029903 -1.310298 -0.217236 -0.358277 -0.955961 0.231593 0.723959 2.455085 -2.256964 0.097029 -1.429214 -1.472929 
2.750000 1.984231 -1.308588 -0.312081 -0.369697 -0.881181 0.335040 0.829274 2.315358 -2.333789 0.270015 -1.205002 -1.381497 
2.800000 1.924172 -1.287440 -0.406648 -0.392057 -0.791564 0.446116 0.937619 2.161200 -2.390759 0.437217 -0.969870 -1.279105 
2.850000 1.849972 -1.246729 -0.500478 -0.424698 -0.688157 0.563210 1.046978 1.994855 -2.427992 0.597383 -0.726572 -1.167474 
2.900000 1.762056 -1.186559 -0.593098 -0.466814 -0.572213 0.684623 1.155318 1.818724 -2.445864 0.749351 -0.477972 -1.048412 
2.950000 1.661028 -1.107259 -0.684019 -0.517468 -0.445170 0.808592 1.260630 1.635333 -2.445000 0.892069 -0.227007 -0.923786 
3.000000 1.547659 -1.009388 -0.772738 -0.575602 -0.308631 0.933318 1.360950 1.447301 -2.426261 1.024600 0.023354 -0.795494 
3.050000 1.422881 -0.893722 -0.858737 -0.640050 -0.164343 1.056995 1.454398 1.257298 -2.390728 1.146126 0.270159 -0.665433 
3.100000 1.287776 -0.761255 -0.941487 -0.709559 -0.014166 1.177832 1.539202 1.068011 -2.339684 1.255960 0.510506 -0.535474 
3.150000 1.143558 -0.613182 -1.020443 -0.782799 0.139947 1.294087 1.613727 0.882105 -2.274597 1.353547 0.741594 -0.407431 
3.200000 0.991561 -0.450889 -1.095054 -0.858387 0.295984 1.404084 1.676497 0.702182 -2.197088 1.438463 0.960753 -0.283038 
3.250000 0.833222 -0.275936 -1.164759 -0.934901 0.451898 1.506245 1.726223 0.530749 -2.108910 1.510419 1.165491 -0.163921 
3.300000 0.670063 -0.090039 -1.228996 -1.010902 0.605641 1.599111 1.761812 0.370176 -2.011917 1.569261 1.353522 -0.051578 
3.350000 0.503671 0.104951 -1.287200 -1.084950 0.755191 1.681361 1.782392 0.222666 -1.908039 1.614963 1.522801 0.052643 
3.400000 0.335680 0.307067 -1.338811 -1.155625 0.898578 1.751831 1.787318 0.090218 -1.799244 1.647622 1.671549 0.147560 
3.450000 0.167746 0.514256 -1.383279 -1.221546 1.033915 1.809532 1.776181 -0.025397 -1.687513 1.667459 1.798281 0.232174 
3.500000 0.001533 0.724399 -1.420065 -1.281386 1.159424 1.853662 1.748813 -0.122665 -1.574809 1.674803 1.901820 0.305679 
3.550000 -0.161312 0.935339 -1.448655 -1.333891 1.273460 1.883619 1.705288 -0.200353 -1.463042 1.670088 1.981315 0.367469 
3.600000 -0.319178 1.144906 -1.468558 -1.377897 1.374533 1.899003 1.645916 -0.257523 -1.354046 1.653842 2.036248 0.417150 
3.650000 -0.470509 1.350948 -1.479317 -1.412343 1.461330 1.899623 1.571238 -0.293551 -1.249544 1.626678 2.066439 0.454531 
3.700000 -0.613826 1.551351 -1.480515 -1.436283 1.532730 1.885499 1.482013 -0.308135 -1.151130 1.589279 2.072046 0.479635 
3.750000 -0.747739 1.744072 -1.471783 -1.448902 1.587822 1.856858 1.379205 -0.301298 -1.060240 1.542394 2.053557 0.492685 
3.800000 -0.870971 1.927160 -1.452805 -1.449522 1.625915 1.814128 1.263965 -0.273391 -0.978130 1.486818 2.011778 0.494099 
3.850000 -0.982366 2.098780 -1.423327 -1.437613 1.646544 1.757927 1.137613 -0.225089 -0.905866 1.423385 1.947822 0.484483 
3.900000 -1.080907 2.257237 -1.383163 -1.412794 1.649481 1.689058 1.001608 -0.157378 -0.844299 1.352958 1.863083 0.464614 
3.950000 -1.165726 2.400994 -1.332201 -1.374845 1.634732 1.608485 0.857533 -0.071544 -0.794063 1.276412 1.759213 0.435422 
4.000000 -1.236113 2.528695 -1.270413 -1.323700 1.602538 1.517325 0.707058 0.030846 -0.755562 1.194627 1.638096 0.397979 
4.050000 -1.291526 2.639175 -1.197853 -1.259455 1.553370 1.416822 0.551922 0.147966 -0.728968 1.108478 1.501812 0.353474 
4.100000 -1.331592 2.731476 -1.114672 -1.182360 1.487917 1.308330 0.393894 0.277758 -0.714223 1.018821 1.352605 0.303191 
4.150000 -1.356115 2.804859 -1.021114 -1.092818 1.407082 1.193291 0.234755 0.417963 -0.711038 0.926490 1.192845 0.248490 
4.200000 -1.365073 2.858809 -0.917523 -0.991380 1.311963 1.073205 0.076261 0.566151 -0.718909 0.832284 1.024992 0.190782 
4.250000 -1.358620 2.893040 -0.804346 -0.878731 1.203835 0.949613 -0.079884 0.719761 -0.737119 0.736963 0.851552 0.131503 
4.300000 -1.337079 2.907497 -0.682132 -0.755690 1.084139 0.824069 -0.232049 0.876132 -0.764760 0.641240 0.675040 0.072094 
4.350000 -1.300942 2.902354 -0.551533 -0.623191 0.954450 0.698115 -0.378710 1.032551 -0.800749 0.545781 0.497942 0.013975 
4.400000 -1.250854 2.878008 -0.413308 -0.482274 0.816464 0.573256 -0.518467 1.186285 -0.843846 0.451193 0.322670 -0.041478 
4.450000 -1.187614 2.835073 -0.268310 -0.334073 0.671966 0.450940 -0.650066 1.334625 -0.892681 0.358032 0.151532 -0.092952 
4.500000 -1.112155 2.774369 -0.117494 -0.179799 0.522811 0.332530 -0.772419 1.474927 -0.945778 0.266793 -0.013309 -0.139220 
4.550000 -1.025537 2.696909 0.038095 -0.020724 0.370894 0.219290 -0.884621 1.604649 -1.001581 0.177915 -0.169864 -0.179159 
4.600000 -0.928930 2.603881 0.197327 0.141831 0.218125 0.112360 -0.985956 1.721393 -1.058484 0.091782 -0.316351 -0.211766 
4.650000 -0.823601 2.496634 0.358992 0.306515 0.066404 0.012745 -1.075911 1.822935 -1.114862 0.008722 -0.451217 -0.236169 
4.700000 -0.710895 2.376652 0.521812 0.471962 -0.082406 -0.078706 -1.154179 1.907264 -1.169096 -0.070988 -0.573164 -0.251647 
4.750000 -0.592223 2.245541 0.684448 0.636807 -0.226503 -0.161304 -1.220659 1.972611 -1.219606 -0.147118 -0.681162 -0.257632 
4.800000 -0.469040 2.104996 0.845513 0.799703 -0.364170 -0.234532 -1.275458 2.017474 -1.264880 -0.219481 -0.774466 -0.253716 
4.850000 -0.342830 1.956787 1.003583 0.959333 -0.493795 -0.298053 -1.318881 2.040645 -1.303498 -0.287928 -0.852624 -0.239660 
4.900000 -0.215088 1.802726 1.157211 1.114429 -0.613894 -0.351709 -1.351423 2.041224 -1.334163 -0.352345 -0.915476 -0.215388 
4.950000 -0.087302 1.644645 1.304939 1.263780 -0.723127 -0.395521 -1.373757 2.018641 -1.355721 -0.412641 -0.963158 -0.180991 
5.000000 0.039061 1.484376 1.445313 1.406251 -0.820312 -0.429687 -1.386719 1.972657 -1.367186 -0.468749 -0.996093 -0.136719 
5.050000 0.162576 1.323716 1.576900 1.540788 -0.904444 -0.454576 -1.391286 1.903377 -1.367758 -0.520618 -1.014977 -0.082975 
5.100000 0.281871 1.164413 1.698300 1.666430 -0.974697 -0.470715 -1.388560 1.811246 -1.356837 -0.568204 -1.020769 -0.020305 
5.150000 0.395644 1.008138 1.808163 1.782321 -1.030438 -0.478779 -1.379741 1.697044 -1.334038 -0.611469 -1.014665 0.050614 
5.200000 0.502674 0.856467 1.905203 1.887710 -1.071229 -0.479581 -1.366104 1.561879 -1.299198 -0.650374 -0.998077 0.128985 
5.250000 0.601835 0.710856 1.988214 1.981963 -1.096828 -0.474045 -1.348974 1.407172 -1.252384 -0.684875 -0.972607 0.213913 
5.300000 0.692106 0.572630 2.056083 2.064561 -1.107189 -0.463197 -1.329697 1.234635 -1.193894 -0.714920 -0.940010 0.304415 
5.350000 0.772576 0.442964 2.107808 2.135109 -1.102460 -0.448140 -1.309612 1.046253 -1.124250 -0.740442 -0.902169 0.399441 
5.400000 0.842459 0.322867 2.142504 2.193328 -1.082970 -0.430033 -1.290028 0.844254 -1.044199 -0.761363 -0.861053 0.497894 
5.450000 0.901090 0.213180 2.159421 2.239063 -1.049227 -0.410067 -1.272195 0.631077 -0.954700 -0.777586 -0.818682 0.598649 
5.500000 0.947937 0.114559 2.157953 2.272271 -1.001902 -0.389448 -1.257277 0.409345 -0.856908 -0.789000 -0.777092 0.700570 
5.550000 0.982599 0.027474 2.137645 2.293026 -0.941816 -0.369364 -1.246332 0.181820 -0.752161 -0.795475 -0.738294 0.802533 
5.600000 1.004806 -0.047790 2.098206 2.301510 -0.869926 -0.350972 -1.240284 -0.048625 -0.641958 -0.796868 -0.704239 0.903441 
5.650000 1.014421 -0.111141 2.039511 2.298004 -0.787306 -0.335369 -1.239912 -0.279056 -0.527938 -0.793022 -0.676779 1.002244 
5.700000 1.011434 -0.162667 1.961608 2.282885 -0.695130 -0.323574 -1.245823 -0.506509 -0.411853 -0.783770 -0.657636 1.097958 
5.750000 0.995961 -0.202638 1.864718 2.256616 -0.594649 -0.316507 -1.258445 -0.728038 -0.295541 -0.768938 -0.648365 1.189674 
5.800000 0.968234 -0.231493 1.749242 2.219737 -0.487176 -0.314971 -1.278015 -0.940749 -0.180897 -0.748352 -0.650329 1.276576 
5.850000 0.928599 -0.249829 1.615754 2.172855 -0.374062 -0.319637 -1.304568 -1.141847 -0.069845 -0.721837 -0.664669 1.357952 
5.900000 0.877508 -0.258391 1.464999 2.116633 -0.256678 -0.331029 -1.337938 -1.328668 0.035697 -0.689231 -0.692284 1.433204 
5.950000 0.815504 -0.258056 1.297892 2.051784 -0.136391 -0.349513 -1.377752 -1.498717 0.133844 -0.650384 -0.733810 1.501850 
6.000000 0.743222 -0.249812 1.115508 1.979056 -0.014550 -0.375289 -1.423441 -1.649704 0.222776 -0.605166 -0.789606 1.563537 
6.050000 0.661368 -0.234747 0.919074 1.899223 0.107539 -0.408386 -1.474240 -1.779571 0.300772 -0.553477 -0.859746 1.618036 
6.100000 0.570717 -0.214023 0.709958 1.813078 0.228623 -0.448657 -1.529203 -1.886524 0.366231 -0.495249 -0.944014 1.665245 
6.150000 0.472098 -0.188861 0.489659 1.721417 0.347523 -0.495784 -1.587218 -1.969053 0.417707 -0.430454 -1.041901 1.705186 
6.200000 0.366384 -0.160515 0.259791 1.625039 0.463146 -0.549277 -1.647018 -2.025952 0.453929 -0.359111 -1.152614 1.738000 
6.250000 0.254482 -0.130256 0.022069 1.524727 0.574497 -0.608483 -1.707211 -2.056335 0.473825 -0.281288 -1.275083 1.763940 
6.300000 0.137322 -0.099349 -0.221708 1.421250 0.680691 -0.672595 -1.766294 -2.059648 0.476542 -0.197114 -1.407978 1.783359 
6.350000 0.015846 -0.069032 -0.469674 1.315350 0.780958 -0.740666 -1.822685 -2.035673 0.461462 -0.106777 -1.549726 1.796703 
6.400000 -0.108999 -0.040498 -0.719912 1.207738 0.874648 -0.811619 -1.874745 -1.984531 0.428215 -0.010528 -1.698533 1.804493 
6.450000 -0.236274 -0.014876 -0.970478 1.099088 0.961238 -0.884272 -1.920812 -1.906674 0.376687 0.091312 -1.852415 1.807314 
6.500000 -0.365052 0.006787 -1.219418 0.990036 1.040330 -0.957348 -1.959223 -1.802886 0.307028 0.198354 -2.009227 1.805799 
6.550000 -0.494427 0.023541 -1.464785 0.881174 1.111651 -1.029505 -1.988352 -1.674260 0.219649 0.310138 -2.166692 1.800609 
6.600000 -0.623524 0.034547 -1.704664 0.773048 1.175047 -1.099353 -2.006636 -1.522190 0.115226 0.426136 -2.322445 1.792420 
6.650000 -0.751500 0.039089 -1.937186 0.666159 1.230479 -1.165478 -2.012604 -1.348346 -0.005314 0.545751 -2.474063 1.781904 
6.700000 -0.877548 0.036583 -2.160551 0.560962 1.278017 -1.226469 -2.004905 -1.154647 -0.140800 0.668323 -2.619108 1.769710 
6.750000 -1.000907 0.026587 -2.373046 0.457866 1.317826 -1.280940 -1.982340 -0.943241 -0.289831 0.793130 -2.755164 1.756449 
6.800000 -1.120858 0.008801 -2.573057 0.357236 1.350159 -1.327555 -1.943881 -0.716467 -0.450793 0.919395 -2.879881 1.742679 
6.850000 -1.236730 -0.016925 -2.759095 0.259397 1.375345 -1.365051 -1.888695 -0.476828 -0.621884 1.046291 -2.991008 1.728886 
6.900000 -1.347899 -0.050593 -2.929801 0.164634 1.393771 -1.392266 -1.816168 -0.226952 -0.801134 1.172951 -3.086433 1.715475 
6.950000 -1.453790 -0.092058 -3.083966 0.073199 1.405872 -1.408152 -1.725917 0.030443 -0.986434 1.298472 -3.164220 1.702753 
7.000000 -1.553871 -0.141036 -3.220540 -0.014690 1.412117 -1.411803 -1.617803 0.292582 -1.175563 1.421931 -3.222640 1.690923 
7.050000 -1.647662 -0.197105 -3.338641 -0.098839 1.412990 -1.402468 -1.491945 0.556676 -1.366222 1.542386 -3.260202 1.680076 
7.100000 -1.734720 -0.259717 -3.437566 -0.179078 1.408978 -1.379568 -1.348724 0.819955 -1.556061 1.658896 -3.275681 1.670180 
7.150000 -1.814649 -0.328209 -3.516796 -0.255255 1.400560 -1.342711 -1.188780 1.079703 -1.742717 1.770526 -3.268139 1.661083 
7.200000 -1.887089 -0.401813 -3.575998 -0.327233 1.388184 -1.291699 -1.013016 1.333296 -1.923843 1.876360 -3.236942 1.652510 
7.250000 -1.951717 -0.479672 -3.615028 -0.394885 1.372266 -1.226538 -0.822589 1.578231 -2.097145 1.975515 -3.181779 1.644062 
7.300000 -2.008239 -0.560853 -3.633933 -0.458089 1.353167 -1.147440 -0.618897 1.812161 -2.260409 2.067148 -3.102664 1.635225 
7.350000 -2.056397 -0.644365 -3.632944 -0.516727 1.331193 -1.054825 -0.403567 2.032916 -2.411538 2.150473 -2.999948 1.625373 
7.400000 -2.095953 -0.729174 -3.612475 -0.570682 1.306580 -0.949319 -0.178436 2.238534 -2.548575 2.224765 -2.874308 1.613779 
7.450000 -2.126696 -0.814220 -3.573117 -0.619835 1.279489 -0.831747 0.054472 2.427278 -2.669738 2.289378 -2.726751 1.599629 
7.500000 -2.148437 -0.898437 -3.515624 -0.664063 1.250001 -0.703126 0.292969 2.597656 -2.773438 2.343751 -2.558594 1.582031 
7.550000 -2.161004 -0.980768 -3.440910 -0.703241 1.218115 -0.564648 0.534735 2.748433 -2.858306 2.387413 -2.371454 1.560034 
7.600000 -2.164242 -1.060179 -3.350032 -0.737237 1.183749 -0.417672 0.777344 2.878640 -2.923208 2.420001 -2.167222 1.532646 
7.650000 -2.158014 -1.135683 -3.244180 -0.765919 1.146736 -0.263702 1.018300 2.987583 -2.967262 2.441254 -1.948042 1.498852 
7.700000 -2.142199 -1.206344 -3.124656 -0.789150 1.106832 -0.104367 1.255069 3.074840 -2.989851 2.451029 -1.716281 1.457632 
7.750000 -2.116689 -1.271303 -2.992868 -0.806796 1.063721 0.058599 1.485117 3.140261 -2.990629 2.449297 -1.474491 1.407986 
7.800000 -2.081395 -1.329781 -2.850302 -0.818724 1.017020 0.223384 1.705941 3.183959 -2.969525 2.436151 -1.225382 1.348953 
7.850000 -2.036244 -1.381094 -2.698513 -0.824810 0.966292 0.388122 1.915112 3.206304 -2.926742 2.411804 -0.971778 1.279634 
7.900000 -1.981184 -1.424662 -2.539103 -0.824939 0.911054 0.550921 2.110301 3.207905 -2.862755 2.376585 -0.716575 1.199209 
7.950000 -1.916184 -1.460016 -2.373701 -0.819012 0.850788 0.709887 2.289322 3.189594 -2.778300 2.330944 -0.462707 1.106963 
8.000000 -1.841240 -1.486805 -2.203949 -0.806950 0.784959 0.863156 2.450157 3.152405 -2.674363 2.275441 -0.213096 1.002302 
8.050000 -1.756374 -1.504794 -2.031480 -0.788700 0.713029 1.008920 2.590992 3.097555 -2.552163 2.210741 0.029385 0.884773 
8.100000 -1.661642 -1.513872 -1.857899 -0.764239 0.634466 1.145452 2.710242 3.026413 -2.413137 2.137612 0.261956 0.754078 
8.150000 -1.557136 -1.514049 -1.684773 -0.733582 0.548767 1.271134 2.806576 2.940481 -2.258911 2.056909 0.481969 0.610091 
8.200000 -1.442991 -1.505449 -1.513603 -0.696785 0.455473 1.384481 2.878937 2.841360 -2.091282 1.969567 0.686947 0.452867 
8.250000 -1.319386 -1.488311 -1.345820 -0.653950 0.354178 1.484163 2.926562 2.730723 -1.912184 1.876592 0.874619 0.282653 
8.300000 -1.186548 -1.462980 -1.182763 -0.605232 0.244553 1.569027 2.948994 2.610290 -1.723665 1.779044 1.042955 0.099898 
8.350000 -1.044762 -1.429899 -1.025669 -0.550842 0.126355 1.638111 2.946092 2.481794 -1.527851 1.678024 1.190190 -0.094750 
8.400000 -0.894369 -1.389598 -0.875660 -0.491048 -0.000559 1.690666 2.918034 2.346957 -1.326919 1.574664 1.314857 -0.300440 
8.450000 -0.735772 -1.342685 -0.733738 -0.426184 -0.136219 1.726161 2.865317 2.207460 -1.123061 1.470106 1.415799 -0.516120 
8.500000 -0.569439 -1.289833 -0.600768 -0.356646 -0.280530 1.744297 2.788757 2.064923 -0.918453 1.365493 1.492192 -0.740543 
8.550000 -0.395905 -1.231764 -0.477482 -0.282898 -0.433268 1.745011 2.689472 1.920874 -0.715226 1.261948 1.543552 -0.972278 
8.600000 -0.215774 -1.169241 -0.364465 -0.205469 -0.594070 1.728477 2.568878 1.776735 -0.515431 1.160562 1.569744 -1.209721 
8.650000 -0.029720 -1.103048 -0.262159 -0.124952 -0.762428 1.695105 2.428661 1.633798 -0.321012 1.062381 1.570979 -1.451109 
8.700000 0.161514 -1.033978 -0.170860 -0.042006 -0.937694 1.645539 2.270765 1.493216 -0.133779 0.968385 1.547811 -1.694541 
8.750000 0.357115 -0.962821 -0.090717 0.042652 -1.119071 1.580643 2.097359 1.355984 0.044615 0.879481 1.501129 -1.937995 
8.800000 0.556207 -0.890346 -0.021739 0.128249 -1.305625 1.501494 1.910814 1.222931 0.212701 0.796487 1.432140 -2.179353 
8.850000 0.757848 -0.817289 0.036204 0.213961 -1.496284 1.409365 1.713665 1.094719 0.369211 0.720120 1.342347 -2.416429 
8.900000 0.961038 -0.744341 0.083373 0.298920 -1.689848 1.305707 1.508582 0.971836 0.513091 0.650989 1.233533 -2.646988 
8.950000 1.164727 -0.672139 0.120154 0.382223 -1.885001 1.192130 1.298332 0.854595 0.643517 0.589580 1.107722 -2.868782 
9.000000 1.367815 -0.601251 0.147047 0.462938 -2.080322 1.070378 1.085741 0.743145 0.759904 0.536257 0.967155 -3.079577 
9.050000 1.569166 -0.532171 0.164658 0.540116 -2.274299 0.942304 0.873653 0.637474 0.861905 0.491250 0.814252 -3.277178 
9.100000 1.767613 -0.465310 0.173685 0.612800 -2.465348 0.809845 0.664897 0.537418 0.949421 0.454652 0.651575 -3.459467 
9.150000 1.961971 -0.400991 0.174909 0.680035 -2.651833 0.674991 0.462240 0.442677 1.022587 0.426422 0.481786 -3.624425 
9.200000 2.151044 -0.339446 0.169177 0.740881 -2.832079 0.539760 0.268357 0.352831 1.081775 0.406381 0.307607 -3.770165 
9.250000 2.333640 -0.280816 0.157394 0.794425 -3.004402 0.406166 0.085788 0.267357 1.127577 0.394213 0.131780 -3.894957 
9.300000 2.508579 -0.225145 0.140505 0.839793 -3.167127 0.276188 -0.083093 0.185644 1.160793 0.389475 -0.042979 -3.997258 
9.350000 2.674708 -0.172390 0.119482 0.876159 -3.318611 0.151746 -0.236113 0.107024 1.182415 0.391597 -0.214018 -4.075731 
9.400000 2.830914 -0.122419 0.095312 0.902761 -3.457265 0.034668 -0.371328 0.030785 1.193603 0.399893 -0.378793 -4.129269 
9.450000 2.976136 -0.075020 0.068980 0.918912 -3.581580 -0.073333 -0.487048 -0.043803 1.195664 0.413569 -0.534903 -4.157014 
9.500000 3.109377 -0.029904 0.041459 0.924007 -3.690149 -0.170686 -0.581865 -0.117465 1.190028 0.431737 -0.680132 -4.158372 
9.550000 3.229716 0.013279 0.013697 0.917538 -3.781686 -0.255985 -0.654666 -0.190898 1.178219 0.453425 -0.812475 -4.133026 
9.600000 3.336323 0.054937 -0.013397 0.899103 -3.855048 -0.328007 -0.704647 -0.264753 1.161825 0.477591 -0.930174 -4.080946 
9.650000 3.428469 0.095520 -0.038963 0.868412 -3.909255 -0.385733 -0.731329 -0.339608 1.142473 0.503140 -1.031739 -4.002389 
9.700000 3.505534 0.135511 -0.062198 0.825294 -3.943505 -0.428360 -0.734557 -0.415956 1.121794 0.528938 -1.115974 -3.897910 
9.750000 3.567021 0.175411 -0.082368 0.769706 -3.957193 -0.455314 -0.714503 -0.494182 1.101397 0.553832 -1.181993 -3.768349 
9.800000 3.612562 0.215724 -0.098816 0.701738 -3.949919 -0.466256 -0.671661 -0.574552 1.082838 0.576662 -1.229228 -3.614832 
9.850000 3.641927 0.256947 -0.110965 0.621609 -3.921501 -0.461090 -0.606840 -0.657200 1.067590 0.596283 -1.257441 -3.438759 
9.900000 3.655026 0.299554 -0.118325 0.529676 -3.871979 -0.439959 -0.521147 -0.742116 1.057020 0.611580 -1.266722 -3.241787 
9.950000 3.651919 0.343984 -0.120501 0.426432 -3.801625 -0.403245 -0.415973 -0.829143 1.052361 0.621486 -1.257487 -3.025816 
10.000000 3.632813 0.390623 -0.117187 0.312499 -3.710939 -0.351564 -0.292969 -0.917969 1.054688 0.624999 -1.230469 -2.792969 
10.050000 3.598067 0.439802 -0.108175 0.188630 -3.600647 -0.285750 -0.154021 -1.008132 1.064902 0.621193 -1.186704 -2.545563 
10.100000 3.548189 0.491774 -0.093352 0.055699 -3.471700 -0.206850 -0.001222 -1.099019 1.083711 0.609243 -1.127513 -2.286086 
10.150000 3.483833 0.546715 -0.072696 -0.085304 -3.325263 -0.116103 0.163159 -1.189875 1.111615 0.588426 -1.054476 -2.017168 
10.200000 3.405795 0.604706 -0.046279 -0.233281 -3.162702 -0.014918 0.336715 -1.279808 1.148898 0.558145 -0.969409 -1.741547 
10.250000 3.315007 0.665734 -0.014259 -0.387041 -2.985574 0.095142 0.516929 -1.367807 1.195619 0.517929 -0.874330 -1.462038 
10.300000 3.212528 0.729683 0.023124 -0.545308 -2.795603 0.212386 0.701221 -1.452754 1.251612 0.467449 -0.771424 -1.181500 
10.350000 3.099533 0.796331 0.065553 -0.706735 -2.594670 0.335025 0.886978 -1.533441 1.316485 0.406525 -0.663009 -0.902796 
10.400000 2.977304 0.865352 0.112640 -0.869921 -2.384782 0.461192 1.071595 -1.608591 1.389625 0.335125 -0.551496 -0.628765 
10.450000 2.847212 0.936312 0.163935 -1.033425 -2.168051 0.588979 1.252514 -1.676881 1.470206 0.253373 -0.439347 -0.362181 
10.500000 2.710710 1.008676 0.218931 -1.195779 -1.946672 0.716459 1.427261 -1.736966 1.557204 0.161550 -0.329033 -0.105721 
10.550000 2.569308 1.081812 0.277075 -1.355513 -1.722889 0.841719 1.593476 -1.787498 1.649409 0.060088 -0.222999 0.138065 
10.600000 2.424565 1.154996 0.337775 -1.511162 -1.498973 0.962889 1.748957 -1.827161 1.745447 -0.050426 -0.123613 0.366793 
10.650000 2.278065 1.227426 0.400409 -1.661293 -1.277188 1.078168 1.891678 -1.854687 1.843799 -0.169265 -0.033134 0.578264 
10.700000 2.131402 1.298228 0.464335 -1.804516 -1.059768 1.185856 2.019830 -1.868889 1.942827 -0.295562 0.046329 0.770503 
10.750000 1.986159 1.366470 0.528895 -1.939504 -0.848883 1.284373 2.131836 -1.868682 2.040799 -0.428321 0.112853 0.941770 
10.800000 1.843894 1.431176 0.593431 -2.065006 -0.646613 1.372289 2.226376 -1.853109 2.135918 -0.566431 0.164733 1.090591 
10.850000 1.706115 1.491343 0.657286 -2.179868 -0.454921 1.448342 2.302404 -1.821361 2.226350 -0.708679 0.200511 1.215771 
10.900000 1.574267 1.545954 0.719815 -2.283044 -0.275628 1.511458 2.359161 -1.772802 2.310258 -0.853758 0.219003 1.316408 
10.950000 1.449712 1.593999 0.780392 -2.373608 -0.110387 1.560764 2.396182 -1.706981 2.385825 -1.000294 0.219319 1.391902 
11.000000 1.333712 1.634487 0.838417 -2.450772 0.039336 1.595607 2.413301 -1.623655 2.451294 -1.146850 0.200878 1.441961 
11.050000 1.227414 1.666470 0.893320 -2.513890 0.172283 1.615558 2.410650 -1.522795 2.504990 -1.291956 0.163423 1.466606 
11.100000 1.131835 1.689056 0.944567 -2.562469 0.287421 1.620418 2.388655 -1.404599 2.545349 -1.434117 0.107024 1.466161 
11.150000 1.047852 1.701431 0.991667 -2.596176 0.383951 1.610225 2.348024 -1.269498 2.570952 -1.571838 0.032079 1.441254 
11.200000 0.976185 1.702869 1.034171 -2.614846 0.461327 1.585248 2.289736 -1.118159 2.580542 -1.703642 -0.060686 1.392802 
11.250000 0.917394 1.692755 1.071679 -2.618477 0.519254 1.545984 2.215023 -0.951479 2.573050 -1.828085 -0.170231 1.321998 
11.300000 0.871867 1.670594 1.103840 -2.607239 0.557695 1.493150 2.125345 -0.770587 2.547614 -1.943777 -0.295214 1.230292 
11.350000 0.839816 1.636028 1.130354 -2.581466 0.576873 1.427671 2.022370 -0.576829 2.503599 -2.049402 -0.434011 1.119370 
11.400000 0.821275 1.588846 1.150971 -2.541658 0.577264 1.350666 1.907944 -0.371761 2.440603 -2.143730 -0.584741 0.991130 
11.450000 0.816099 1.528991 1.165494 -2.488468 0.559591 1.263429 1.784061 -0.157125 2.358475 -2.225633 -0.745290 0.847657 
11.500000 0.823965 1.456571 1.173778 -2.422703 0.524814 1.167410 1.652830 0.065159 2.257315 -2.294103 -0.913347 0.691187 
11.550000 0.844376 1.371863 1.175723 -2.345308 0.474114 1.064190 1.516444 0.293028 2.137478 -2.348264 -1.086437 0.524085 
11.600000 0.876665 1.275315 1.171281 -2.257354 0.408879 0.955461 1.377141 0.524291 1.999574 -2.387378 -1.261959 0.348804 
11.650000 0.920009 1.167543 1.160448 -2.160029 0.330683 0.842993 1.237173 0.756662 1.844459 -2.410862 -1.437224 0.167857 
11.700000 0.973431 1.049337 1.143261 -2.054621 0.241260 0.728614 1.098768 0.987790 1.673228 -2.418289 -1.609501 -0.016220 
11.750000 1.035821 0.921646 1.119801 -1.942500 0.142486 0.614176 0.964097 1.215287 1.487200 -2.409397 -1.776052 -0.200900 
11.800000 1.105944 0.785577 1.090181 -1.825103 0.036348 0.501528 0.835240 1.436764 1.287902 -2.384091 -1.934184 -0.383701 
11.850000 1.182458 0.642383 1.054551 -1.703915 -0.075085 0.392490 0.714154 1.649862 1.077050 -2.342447 -2.081279 -0.562216 
11.900000 1.263932 0.493450 1.013092 -1.580451 -0.189689 0.288822 0.602645 1.852287 0.856525 -2.284705 -2.214847 -0.734144 
11.950000 1.348862 0.340282 0.966011 -1.456234 -0.305316 0.192199 0.502341 2.041840 0.628347 -2.211271 -2.332555 -0.897324 
12.000000 1.435694 0.184486 0.913541 -1.332780 -0.419822 0.104184 0.414664 2.216452 0.394649 -2.122713 -2.432270 -1.049755 
12.050000 1.522840 0.027752 0.855934 -1.211573 -0.531103 0.026206 0.340817 2.374213 0.157646 -2.019748 -2.512091 -1.189625 
12.100000 1.608703 -0.128167 0.793465 -1.094052 -0.637118 -0.040462 0.281759 2.513403 -0.080395 -1.903239 -2.570379 -1.315333 
12.150000 1.691696 -0.281477 0.726424 -0.981588 -0.735922 -0.094726 0.238197 2.632514 -0.317185 -1.774184 -2.605782 -1.425504 
12.200000 1.770261 -0.430364 0.655115 -0.875468 -0.825691 -0.135679 0.210576 2.730279 -0.550449 -1.633698 -2.617260 -1.519007 
12.250000 1.842891 -0.573020 0.579856 -0.776880 -0.904749 -0.162623 0.199073 2.805689 -0.777954 -1.483008 -2.604102 -1.594964 
12.300000 1.908153 -0.707664 0.500979 -0.686895 -0.971592 -0.175074 0.203598 2.858010 -0.997542 -1.323432 -2.565937 -1.652757 
12.350000 1.964700 -0.832567 0.418822 -0.606458 -1.024905 -0.172772 0.223795 2.886799 -1.207159 -1.156365 -2.502742 -1.692037 
12.400000 2.011294 -0.946076 0.333740 -0.536369 -1.063583 -0.155682 0.259053 2.891910 -1.404886 -0.983266 -2.414843 -1.712715 
12.450000 2.046823 -1.046636 0.246091 -0.477281 -1.086746 -0.123995 0.308515 2.873501 -1.588963 -0.805636 -2.302914 -1.714967 
12.500000 2.070311 -1.132811 0.156250 -0.429687 -1.093751 -0.078125 0.371095 2.832032 -1.757812 -0.625002 -2.167968 -1.699219 
12.550000 2.080936 -1.203310 0.064597 -0.393914 -1.084200 -0.018702 0.445495 2.768266 -1.910064 -0.442902 -2.011342 -1.666141 
12.600000 2.078038 -1.256996 -0.028473 -0.370123 -1.057942 0.053440 0.530228 2.683254 -2.044571 -0.260866 -1.834681 -1.616631 
12.650000 2.061130 -1.292913 -0.122556 -0.358304 -1.015079 0.137273 0.623645 2.578329 -2.160424 -0.080401 -1.639910 -1.551794 
12.700000 2.029903 -1.310298 -0.217236 -0.358277 -0.955961 0.231593 0.723959 2.455085 -2.256964 0.097029 -1.429214 -1.472929 
12.750000 1.984231 -1.308588 -0.312081 -0.369697 -0.881181 0.335040 0.829274 2.315358 -2.333789 0.270015 -1.205002 -1.381497 
12.800000 1.924172 -1.287440 -0.406648 -0.392057 -0.791564 0.446116 0.937619 2.161200 -2.390759 0.437217 -0.969870 -1.279105 
12.850000 1.849972 -1.246729 -0.500478 -0.424698 -0.688157 0.563210 1.046978 1.994855 -2.427992 0.597383 -0.726572 -1.167474 
12.900000 1.762056 -1.186559 -0.593098 -0.466814 -0.572213 0.684623 1.155318 1.818724 -2.445864 0.749351 -0.477972 -1.048412 
12.950000 1.661028 -1.107259 -0.684019 -0.517468 -0.445170 0.808592 1.260630 1.635333 -2.445000 0.892069 -0.227007 -0.923786 
13.000000 1.547659 -1.009388 -0.772738 -0.575602 -0.308631 0.933318 1.360950 1.447301 -2.426261 1.024600 0.023354 -0.795494 
13.050000 1.422881 -0.893722 -0.858737 -0.640050 -0.164343 1.056995 1.454398 1.257298 -2.390728 1.146126 0.270159 -0.665433 
13.100000 1.287776 -0.761255 -0.941487 -0.709559 -0.014166 1.177832 1.539202 1.068011 -2.339684 1.255960 0.510506 -0.535474 
13.150000 1.143558 -0.613182 -1.020443 -0.782799 0.139947 1.294087 1.613727 0.882105 -2.274597 1.353547 0.741594 -0.407431 
13.200000 0.991561 -0.450889 -1.095054 -0.858387 0.295984 1.404084 1.676497 0.702182 -2.197088 1.438463 0.960753 -0.283038 
13.250000 0.833222 -0.275936 -1.164759 -0.934901 0.451898 1.506245 1.726223 0.530749 -2.108910 1.510419 1.165491 -0.163921 
13.300000 0.670063 -0.090039 -1.228996 -1.010902 0.605641 1.599111 1.761812 0.370176 -2.011917 1.569261 1.353522 -0.051578 
13.350000 0.503671 0.104951 -1.287200 -1.084950 0.755191 1.681361 1.782392 0.222666 -1.908039 1.614963 1.522801 0.052643 
13.400000 0.335680 0.307067 -1.338811 -1.155625 0.898578 1.751831 1.787318 0.090218 -1.799244 1.647622 1.671549 0.147560 
13.450000 0.167746 0.514256 -1.383279 -1.221546 1.033915 1.809532 1.776181 -0.025397 -1.687513 1.667459 1.798281 0.232174 
13.500000 0.001533 0.724399 -1.420065 -1.281386 1.159424 1.853662 1.748813 -0.122665 -1.574809 1.674803 1.901820 0.305679 
13.550000 -0.161312 0.935339 -1.448655 -1.333891 1.273460 1.883619 1.705288 -0.200353 -1.463042 1.670088 1.981315 0.367469 
13.600000 -0.319178 1.144906 -1.468558 -1.377897 1.374533 1.899003 1.645916 -0.257523 -1.354046 1.653842 2.036248 0.417150 
13.650000 -0.470509 1.350948 -1.479317 -1.412343 1.461330 1.899623 1.571238 -0.293551 -1.249544 1.626678 2.066439 0.454531 
13.700000 -0.613826 1.551351 -1.480515 -1.436283 1.532730 1.885499 1.482013 -0.308135 -1.151130 1.589279 2.072046 0.479635 
13.750000 -0.747739 1.744072 -1.471783 -1.448902 1.587822 1.856858 1.379205 -0.301298 -1.060240 1.542394 2.053557 0.492685 
13.800000 -0.870971 1.927160 -1.452805 -1.449522 1.625915 1.814128 1.263965 -0.273391 -0.978130 1.486818 2.011778 0.494099 
13.850000 -0.982366 2.098780 -1.423327 -1.437613 1.646544 1.757927 1.137613 -0.225089 -0.905866 1.423385 1.947822 0.484483 
13.900000 -1.080907 2.257237 -1.383163 -1.412794 1.649481 1.689058 1.001608 -0.157378 -0.844299 1.352958 1.863083 0.464614 
13.950000 -1.165726 2.400994 -1.332201 -1.374845 1.634732 1.608485 0.857533 -0.071544 -0.794063 1.276412 1.759213 0.435422 
14.000000 -1.236113 2.528695 -1.270413 -1.323700 1.602538 1.517325 0.707058 0.030846 -0.755562 1.194627 1.638096 0.397979 
14.050000 -1.291526 2.639175 -1.197853 -1.259455 1.553370 1.416822 0.551922 0.147966 -0.728968 1.108478 1.501812 0.353474 
14.100000 -1.331592 2.731476 -1.114672 -1.182360 1.487917 1.308330 0.393894 0.277758 -0.714223 1.018821 1.352605 0.303191 
14.150000 -1.356115 2.804859 -1.021114 -1.092818 1.407082 1.193291 0.234755 0.417963 -0.711038 0.926490 1.192845 0.248490 
14.200000 -1.365073 2.858809 -0.917523 -0.991380 1.311963 1.073205 0.076261 0.566151 -0.718909 0.832284 1.024992 0.190782 
14.250000 -1.358620 2.893040 -0.804346 -0.878731 1.203835 0.949613 -0.079884 0.719761 -0.737119 0.736963 0.851552 0.131503 
14.300000 -1.337079 2.907497 -0.682132 -0.755690 1.084139 0.824069 -0.232049 0.876132 -0.764760 0.641240 0.675040 0.072094 
14.350000 -1.300942 2.902354 -0.551533 -0.623191 0.954450 0.698115 -0.378710 1.032551 -0.800749 0.545781 0.497942 0.013975 
14.400000 -1.250854 2.878008 -0.413308 -0.482274 0.816464 0.573256 -0.518467 1.186285 -0.843846 0.451193 0.322670 -0.041478 
14.450000 -1.187614 2.835073 -0.268310 -0.334073 0.671966 0.450940 -0.650066 1.334625 -0.892681 0.358032 0.151532 -0.092952 
14.500000 -1.112155 2.774369 -0.117494 -0.179799 0.522811 0.332530 -0.772419 1.474927 -0.945778 0.266793 -0.013309 -0.139220 
14.550000 -1.025537 2.696909 0.038095 -0.020724 0.370894 0.219290 -0.884621 1.604649 -1.001581 0.177915 -0.169864 -0.179159 
14.600000 -0.928930 2.603881 0.197327 0.141831 0.218125 0.112360 -0.985956 1.721393 -1.058484 0.091782 -0.316351 -0.211766 
14.650000 -0.823601 2.496634 0.358992 0.306515 0.066404 0.012745 -1.075911 1.822935 -1.114862 0.008722 -0.451217 -0.236169 
14.700000 -0.710895 2.376652 0.521812 0.471962 -0.082406 -0.078706 -1.154179 1.907264 -1.169096 -0.070988 -0.573164 -0.251647 
14.750000 -0.592223 2.245541 0.684448 0.636807 -0.226503 -0.161304 -1.220659 1.972611 -1.219606 -0.147118 -0.681162 -0.257632 
14.800000 -0.469040 2.104996 0.845513 0.799703 -0.364170 -0.234532 -1.275458 2.017474 -1.264880 -0.219481 -0.774466 -0.253716 
14.850000 -0.342830 1.956787 1.003583 0.959333 -0.493795 -0.298053 -1.318881 2.040645 -1.303498 -0.287928 -0.852624 -0.239660 
14.900000 -0.215088 1.802726 1.157211 1.114429 -0.613894 -0.351709 -1.351423 2.041224 -1.334163 -0.352345 -0.915476 -0.215388 
14.950000 -0.087302 1.644645 1.304939 1.263780 -0.723127 -0.395521 -1.373757 2.018641 -1.355721 -0.412641 -0.963158 -0.180991 
15.000000 0.039061 1.484376 1.445313 1.406251 -0.820312 -0.429687 -1.386719 1.972657 -1.367186 -0.468749 -0.996093 -0.136719 
15.050000 0.162576 1.323716 1.576900 1.540788 -0.904444 -0.454576 -1.391286 1.903377 -1.367758 -0.520618 -1.014977 -0.082975 
15.100000 0.281871 1.164413 1.698300 1.666430 -0.974697 -0.470715 -1.388560 1.811246 -1.356837 -0.568204 -1.020769 -0.020305 
15.150000 0.395644 1.008138 1.808163 1.782321 -1.030438 -0.478779 -1.379741 1.697044 -1.334038 -0.611469 -1.014665 0.050614 
15.200000 0.502674 0.856467 1.905203 1.887710 -1.071229 -0.479581 -1.366104 1.561879 -1.299198 -0.650374 -0.998077 0.128985 
15.250000 0.601835 0.710856 1.988214 1.981963 -1.096828 -0.474045 -1.348974 1.407172 -1.252384 -0.684875 -0.972607 0.213913 
15.300000 0.692106 0.572630 2.056083 2.064561 -1.107189 -0.463197 -1.329697 1.234635 -1.193894 -0.714920 -0.940010 0.304415 
15.350000 0.772576 0.442964 2.107808 2.135109 -1.102460 -0.448140 -1.309612 1.046253 -1.124250 -0.740442 -0.902169 0.399441 
15.400000 0.842459 0.322867 2.142504 2.193328 -1.082970 -0.430033 -1.290028 0.844254 -1.044199 -0.761363 -0.861053 0.497894 
15.450000 0.901090 0.213180 2.159421 2.239063 -1.049227 -0.410067 -1.272195 0.631077 -0.954700 -0.777586 -0.818682 0.598649 
15.500000 0.947937 0.114559 2.157953 2.272271 -1.001902 -0.389448 -1.257277 0.409345 -0.856908 -0.789000 -0.777092 0.700570 
15.550000 0.982599 0.027474 2.137645 2.293026 -0.941816 -0.369364 -1.246332 0.181820 -0.752161 -0.795475 -0.738294 0.802533 
15.600000 1.004806 -0.047790 2.098206 2.301510 -0.869926 -0.350972 -1.240284 -0.048625 -0.641958 -0.796868 -0.704239 0.903441 
15.650000 1.014421 -0.111141 2.039511 2.298004 -0.787306 -0.335369 -1.239912 -0.279056 -0.527938 -0.793022 -0.676779 1.002244 
15.700000 1.011434 -0.162667 1.961608 2.282885 -0.695130 -0.323574 -1.245823 -0.506509 -0.411853 -0.783770 -0.657636 1.097958 
15.750000 0.995961 -0.202638 1.864718 2.256616 -0.594649 -0.316507 -1.258445 -0.728038 -0.295541 -0.768938 -0.648365 1.189674 
15.800000 0.968234 -0.231493 1.749242 2.219737 -0.487176 -0.314971 -1.278015 -0.940749 -0.180897 -0.748352 -0.650329 1.276576 
15.850000 0.928599 -0.249829 1.615754 2.172855 -0.374062 -0.319637 -1.304568 -1.141847 -0.069845 -0.721837 -0.664669 1.357952 
15.900000 0.877508 -0.258391 1.464999 2.116633 -0.256678 -0.331029 -1.337938 -1.328668 0.035697 -0.689231 -0.692284 1.433204 
15.950000 0.815504 -0.258056 1.297892 2.051784 -0.136391 -0.349513 -1.377752 -1.498717 0.133844 -0.650384 -0.733810 1.501850 
16.000000 0.743222 -0.249812 1.115508 1.979056 -0.014550 -0.375289 -1.423441 -1.649704 0.222776 -0.605166 -0.789606 1.563537 
16.050000 0.661368 -0.234747 0.919074 1.899223 0.107539 -0.408386 -1.474240 -1.779571 0.300772 -0.553477 -0.859746 1.618036 
16.100000 0.570717 -0.214023 0.709958 1.813078 0.228623 -0.448657 -1.529203 -1.886524 0.366231 -0.495249 -0.944014 1.665245 
16.150000 0.472098 -0.188861 0.489659 1.721417 0.347523 -0.495784 -1.587218 -1.969053 0.417707 -0.430454 -1.041901 1.705186 
16.200000 0.366384 -0.160515 0.259791 1.625039 0.463146 -0.549277 -1.647018 -2.025952 0.453929 -0.359111 -1.152614 1.738000 
16.250000 0.254482 -0.130256 0.022069 1.524727 0.574497 -0.608483 -1.707211 -2.056335 0.473825 -0.281288 -1.275083 1.763940 
16.300000 0.137322 -0.099349 -0.221708 1.421250 0.680691 -0.672595 -1.766294 -2.059648 0.476542 -0.197114 -1.407978 1.783359 
16.350000 0.015846 -0.069032 -0.469674 1.315350 0.780958 -0.740666 -1.822685 -2.035673 0.461462 -0.106777 -1.549726 1.796703 
16.400000 -0.108999 -0.040498 -0.719912 1.207738 0.874648 -0.811619 -1.874745 -1.984531 0.428215 -0.010528 -1.698533 1.804493 
16.450000 -0.236274 -0.014876 -0.970478 1.099088 0.961238 -0.884272 -1.920812 -1.906674 0.376687 0.091312 -1.852415 1.807314 
16.500000 -0.365052 0.006787 -1.219418 0.990036 1.040330 -0.957348 -1.959223 -1.802886 0.307028 0.198354 -2.009227 1.805799 
16.550000 -0.494427 0.023541 -1.464785 0.881174 1.111651 -1.029505 -1.988352 -1.674260 0.219649 0.310138 -2.166692 1.800609 
16.600000 -0.623524 0.034547 -1.704664 0.773048 1.175047 -1.099353 -2.006636 -1.522190 0.115226 0.426136 -2.322445 1.792420 
16.650000 -0.751500 0.039089 -1.937186 0.666159 1.230479 -1.165478 -2.012604 -1.348346 -0.005314 0.545751 -2.474063 1.781904 
16.700000 -0.877548 0.036583 -2.160551 0.560962 1.278017 -1.226469 -2.004905 -1.154647 -0.140800 0.668323 -2.619108 1.769710 
16.750000 -1.000907 0.026587 -2.373046 0.457866 1.317826 -1.280940 -1.982340 -0.943241 -0.289831 0.793130 -2.755164 1.756449 
16.800000 -1.120858 0.008801 -2.573057 0.357236 1.350159 -1.327555 -1.943881 -0.716467 -0.450793 0.919395 -2.879881 1.742679 
16.850000 -1.236730 -0.016925 -2.759095 0.259397 1.375345 -1.365051 -1.888695 -0.476828 -0.621884 1.046291 -2.991008 1.728886 
16.900000 -1.347899 -0.050593 -2.929801 0.164634 1.393771 -1.392266 -1.816168 -0.226952 -0.801134 1.172951 -3.086433 1.715475 
16.950000 -1.453790 -0.092058 -3.083966 0.073199 1.405872 -1.408152 -1.725917 0.030443 -0.986434 1.298472 -3.164220 1.702753 
17.000000 -1.553871 -0.141036 -3.220540 -0.014690 1.412117 -1.411803 -1.617803 0.292582 -1.175563 1.421931 -3.222640 1.690923 
17.050000 -1.647662 -0.197105 -3.338641 -0.098839 1.412990 -1.402468 -1.491945 0.556676 -1.366222 1.542386 -3.260202 1.680076 
17.100000 -1.734720 -0.259717 -3.437566 -0.179078 1.408978 -1.379568 -1.348724 0.819955 -1.556061 1.658896 -3.275681 1.670180 
17.150000 -1.814649 -0.328209 -3.516796 -0.255255 1.400560 -1.342711 -1.188780 1.079703 -1.742717 1.770526 -3.268139 1.661083 
17.200000 -1.887089 -0.401813 -3.575998 -0.327233 1.388184 -1.291699 -1.013016 1.333296 -1.923843 1.876360 -3.236942 1.652510 
17.250000 -1.951717 -0.479672 -3.615028 -0.394885 1.372266 -1.226538 -0.822589 1.578231 -2.097145 1.975515 -3.181779 1.644062 
17.300000 -2.008239 -0.560853 -3.633933 -0.458089 1.353167 -1.147440 -0.618897 1.812161 -2.260409 2.067148 -3.102664 1.635225 
17.350000 -2.056397 -0.644365 -3.632944 -0.516727 1.331193 -1.054825 -0.403567 2.032916 -2.411538 2.150473 -2.999948 1.625373 
17.400000 -2.095953 -0.729174 -3.612475 -0.570682 1.306580 -0.949319 -0.178436 2.238534 -2.548575 2.224765 -2.874308 1.613779 
17.450000 -2.126696 -0.814220 -3.573117 -0.619835 1.279489 -0.831747 0.054472 2.427278 -2.669738 2.289378 -2.726751 1.599629 
17.500000 -2.148437 -0.898437 -3.515624 -0.664063 1.250001 -0.703126 0.292969 2.597656 -2.773438 2.343750 -2.558594 1.582031 
17.550000 -2.161004 -0.980768 -3.440910 -0.703241 1.218115 -0.564648 0.534735 2.748433 -2.858306 2.387413 -2.371454 1.560034 
17.600000 -2.164242 -1.060179 -3.350032 -0.737237 1.183749 -0.417672 0.777344 2.878640 -2.923208 2.420001 -2.167222 1.532646 
17.650000 -2.158014 -1.135683 -3.244180 -0.765919 1.146736 -0.263702 1.018300 2.987583 -2.967262 2.441254 -1.948042 1.498852 
17.700000 -2.142199 -1.206344 -3.124656 -0.789150 1.106832 -0.104367 1.255069 3.074840 -2.989851 2.451029 -1.716281 1.457632 
17.750000 -2.116689 -1.271303 -2.992868 -0.806796 1.063721 0.058599 1.485117 3.140261 -2.990629 2.449297 -1.474491 1.407986 
17.800000 -2.081395 -1.329781 -2.850302 -0.818724 1.017020 0.223384 1.705941 3.183959 -2.969525 2.436151 -1.225382 1.348953 
17.850000 -2.036244 -1.381094 -2.698513 -0.824810 0.966292 0.388122 1.915112 3.206304 -2.926742 2.411804 -0.971778 1.279634 
17.900000 -1.981184 -1.424662 -2.539103 -0.824939 0.911054 0.550921 2.110301 3.207905 -2.862755 2.376585 -0.716575 1.199209 
17.950000 -1.916184 -1.460016 -2.373701 -0.819012 0.850788 0.709887 2.289322 3.189594 -2.778300 2.330944 -0.462707 1.106963 
18.000000 -1.841240 -1.486805 -2.203949 -0.806950 0.784959 0.863156 2.450157 3.152405 -2.674363 2.275441 -0.213096 1.002302 
18.050000 -1.756374 -1.504794 -2.031480 -0.788700 0.713029 1.008920 2.590992 3.097555 -2.552163 2.210741 0.029385 0.884773 
18.100000 -1.661642 -1.513872 -1.857899 -0.764239 0.634466 1.145452 2.710242 3.026413 -2.413137 2.137612 0.261956 0.754078 
18.150000 -1.557136 -1.514049 -1.684773 -0.733582 0.548767 1.271134 2.806576 2.940481 -2.258911 2.056909 0.481969 0.610091 
18.200000 -1.442991 -1.505449 -1.513603 -0.696785 0.455473 1.384481 2.878937 2.841360 -2.091282 1.969567 0.686947 0.452867 
18.250000 -1.319386 -1.488311 -1.345820 -0.653950 0.354178 1.484163 2.926562 2.730723 -1.912184 1.876592 0.874619 0.282653 
18.300000 -1.186548 -1.462980 -1.182763 -0.605232 0.244553 1.569027 2.948994 2.610290 -1.723665 1.779044 1.042955 0.099898 
18.350000 -1.044762 -1.429899 -1.025669 -0.550842 0.126355 1.638111 2.946092 2.481794 -1.527851 1.678024 1.190190 -0.094750 
18.400000 -0.894369 -1.389598 -0.875660 -0.491048 -0.000559 1.690666 2.918034 2.346957 -1.326919 1.574664 1.314857 -0.300440 
18.450000 -0.735772 -1.342685 -0.733738 -0.426184 -0.136219 1.726161 2.865317 2.207460 -1.123061 1.470106 1.415799 -0.516120 
18.500000 -0.569439 -1.289833 -0.600768 -0.356646 -0.280530 1.744297 2.788757 2.064923 -0.918453 1.365493 1.492192 -0.740543 
18.550000 -0.395905 -1.231764 -0.477482 -0.282898 -0.433268 1.745011 2.689472 1.920874 -0.715226 1.261948 1.543552 -0.972278 
18.600000 -0.215774 -1.169241 -0.364465 -0.205469 -0.594070 1.728477 2.568878 1.776735 -0.515431 1.160562 1.569744 -1.209721 
18.650000 -0.029720 -1.103048 -0.262159 -0.124952 -0.762428 1.695105 2.428661 1.633798 -0.321012 1.062381 1.570979 -1.451109 
18.700000 0.161514 -1.033978 -0.170860 -0.042006 -0.937694 1.645539 2.270765 1.493216 -0.133779 0.968385 1.547811 -1.694541 
18.750000 0.357115 -0.962821 -0.090717 0.042652 -1.119071 1.580643 2.097359 1.355984 0.044615 0.879481 1.501129 -1.937995 
18.800000 0.556207 -0.890346 -0.021739 0.128249 -1.305625 1.501494 1.910814 1.222931 0.212701 0.796487 1.432140 -2.179353 
18.850000 0.757848 -0.817289 0.036204 0.213961 -1.496284 1.409365 1.713665 1.094719 0.369211 0.720120 1.342347 -2.416429 
18.900000 0.961038 -0.744341 0.083373 0.298920 -1.689848 1.305707 1.508582 0.971836 0.513091 0.650989 1.233533 -2.646988 
18.950000 1.164727 -0.672139 0.120154 0.382223 -1.885001 1.192130 1.298332 0.854595 0.643517 0.589580 1.107722 -2.868782 
19.000000 1.367815 -0.601251 0.147047 0.462938 -2.080322 1.070378 1.085741 0.743145 0.759904 0.536257 0.967155 -3.079577 
19.050000 1.569166 -0.532171 0.164658 0.540116 -2.274299 0.942304 0.873653 0.637474 0.861905 0.491250 0.814252 -3.277178 
19.100000 1.767613 -0.465310 0.173685 0.612800 -2.465348 0.809845 0.664897 0.537418 0.949421 0.454652 0.651575 -3.459467 
19.150000 1.961971 -0.400991 0.174909 0.680035 -2.651833 0.674991 0.462240 0.442677 1.022587 0.426422 0.481786 -3.624425 
19.200000 2.151044 -0.339446 0.169177 0.740881 -2.832079 0.539760 0.268357 0.352831 1.081775 0.406381 0.307607 -3.770165 
19.250000 2.333640 -0.280816 0.157394 0.794425 -3.004402 0.406166 0.085788 0.267357 1.127577 0.394213 0.131780 -3.894957 
19.300000 2.508579 -0.225145 0.140505 0.839793 -3.167127 0.276188 -0.083093 0.185644 1.160793 0.389475 -0.042979 -3.997258 
19.350000 2.674708 -0.172390 0.119482 0.876159 -3.318611 0.151746 -0.236113 0.107024 1.182415 0.391597 -0.214018 -4.075731 
19.400000 2.830914 -0.122419 0.095312 0.902761 -3.457265 0.034668 -0.371328 0.030785 1.193603 0.399893 -0.378793 -4.129269 
19.450000 2.976136 -0.075020 0.068980 0.918912 -3.581580 -0.073333 -0.487048 -0.043803 1.195664 0.413569 -0.534903 -4.157014 
19.500000 3.109377 -0.029904 0.041459 0.924007 -3.690149 -0.170686 -0.581865 -0.117465 1.190028 0.431737 -0.680132 -4.158372 
19.550000 3.229716 0.013279 0.013697 0.917538 -3.781686 -0.255985 -0.654666 -0.190898 1.178219 0.453425 -0.812475 -4.133026 
19.600000 3.336323 0.054937 -0.013397 0.899103 -3.855048 -0.328007 -0.704647 -0.264753 1.161825 0.477591 -0.930174 -4.080946 
19.650000 3.428469 0.095520 -0.038963 0.868412 -3.909255 -0.385733 -0.731329 -0.339608 1.142473 0.503140 -1.031739 -4.002389 
19.700000 3.505534 0.135511 -0.062198 0.825294 -3.943505 -0.428360 -0.734557 -0.415956 1.121794 0.528938 -1.115974 -3.897910 
19.750000 3.567021 0.175411 -0.082368 0.769706 -3.957193 -0.455314 -0.714503 -0.494182 1.101397 0.553832 -1.181993 -3.768349 
19.800000 3.612562 0.215724 -0.098816 0.701738 -3.949919 -0.466256 -0.671661 -0.574552 1.082838 0.576662 -1.229228 -3.614832 
19.850000 3.641927 0.256947 -0.110965 0.621609 -3.921501 -0.461090 -0.606840 -0.657200 1.067590 0.596283 -1.257441 -3.438759 
19.900000 3.655026 0.299554 -0.118325 0.529676 -3.871979 -0.439959 -0.521147 -0.742116 1.057020 0.611580 -1.266722 -3.241787 
19.950000 3.651919 0.343984 -0.120501 0.426432 -3.801625 -0.403245 -0.415973 -0.829143 1.052361 0.621486 -1.257487 -3.025816 
20.000000 3.632813 0.390623 -0.117187 0.312499 -3.710939 -0.351564 -0.292969 -0.917969 1.054687 0.624999 -1.230469 -2.792969 
20.050000 3.598067 0.439802 -0.108175 0.188630 -3.600647 -0.285750 -0.154021 -1.008132 1.064902 0.621193 -1.186704 -2.545563 
20.100000 3.548189 0.491774 -0.093352 0.055699 -3.471700 -0.206850 -0.001222 -1.099019 1.083711 0.609243 -1.127513 -2.286086 
20.150000 3.483833 0.546715 -0.072696 -0.085304 -3.325263 -0.116103 0.163159 -1.189875 1.111615 0.588426 -1.054476 -2.017168 
20.200000 3.405795 0.604706 -0.046279 -0.233281 -3.162702 -0.014918 0.336715 -1.279808 1.148898 0.558145 -0.969409 -1.741547 
20.250000 3.315007 0.665734 -0.014259 -0.387041 -2.985574 0.095142 0.516929 -1.367807 1.195619 0.517929 -0.874330 -1.462038 
20.300000 3.212528 0.729683 0.023124 -0.545308 -2.795603 0.212386 0.701221 -1.452754 1.251612 0.467449 -0.771424 -1.181500 
20.350000 3.099533 0.796331 0.065553 -0.706735 -2.594670 0.335025 0.886978 -1.533441 1.316485 0.406525 -0.663009 -0.902796 
20.400000 2.977304 0.865352 0.112640 -0.869921 -2.384782 0.461192 1.071595 -1.608591 1.389625 0.335125 -0.551496 -0.628765 
20.450000 2.847212 0.936312 0.163935 -1.033425 -2.168051 0.588979 1.252514 -1.676881 1.470206 0.253373 -0.439347 -0.362181 
20.500000 2.710710 1.008676 0.218931 -1.195779 -1.946672 0.716459 1.427261 -1.736966 1.557204 0.161550 -0.329033 -0.105721 
20.550000 2.569308 1.081812 0.277075 -1.355513 -1.722889 0.841719 1.593476 -1.787498 1.649409 0.060088 -0.222999 0.138065 
20.600000 2.424565 1.154996 0.337775 -1.511162 -1.498973 0.962889 1.748957 -1.827161 1.745447 -0.050426 -0.123613 0.366793 
20.650000 2.278065 1.227426 0.400409 -1.661293 -1.277188 1.078168 1.891678 -1.854687 1.843799 -0.169265 -0.033134 0.578264 
20.700000 2.131402 1.298228 0.464335 -1.804516 -1.059768 1.185856 2.019830 -1.868889 1.942827 -0.295562 0.046329 0.770503 
20.750000 1.986159 1.366470 0.528895 -1.939504 -0.848883 1.284373 2.131836 -1.868682 2.040799 -0.428321 0.112853 0.941770 
20.800000 1.843894 1.431176 0.593431 -2.065006 -0.646613 1.372289 2.226376 -1.853109 2.135918 -0.566431 0.164733 1.090591 
20.850000 1.706115 1.491343 0.657286 -2.179868 -0.454921 1.448342 2.302404 -1.821361 2.226350 -0.708679 0.200511 1.215771 
20.900000 1.574267 1.545954 0.719815 -2.283044 -0.275628 1.511458 2.359161 -1.772802 2.310258 -0.853758 0.219003 1.316408 
20.950000 1.449712 1.593999 0.780392 -2.373608 -0.110387 1.560764 2.396182 -1.706981 2.385825 -1.000294 0.219319 1.391902 
21.000000 1.333712 1.634487 0.838417 -2.450772 0.039336 1.595607 2.413301 -1.623655 2.451294 -1.146850 0.200878 1.441961 
21.050000 1.227414 1.666470 0.893320 -2.513890 0.172283 1.615558 2.410650 -1.522795 2.504990 -1.291956 0.163423 1.466606 
21.100000 1.131835 1.689056 0.944567 -2.562469 0.287421 1.620418 2.388655 -1.404599 2.545349 -1.434117 0.107024 1.466161 
21.150000 1.047852 1.701431 0.991667 -2.596176 0.383951 1.610225 2.348024 -1.269498 2.570952 -1.571838 0.032079 1.441254 
21.200000 0.976185 1.702869 1.034171 -2.614846 0.461327 1.585248 2.289736 -1.118159 2.580542 -1.703642 -0.060686 1.392802 
21.250000 0.917394 1.692755 1.071679 -2.618477 0.519254 1.545984 2.215023 -0.951479 2.573050 -1.828085 -0.170231 1.321998 
21.300000 0.871867 1.670594 1.103840 -2.607239 0.557695 1.493150 2.125345 -0.770587 2.547614 -1.943777 -0.295214 1.230292 
21.350000 0.839816 1.636028 1.130354 -2.581466 0.576873 1.427671 2.022370 -0.576829 2.503599 -2.049402 -0.434011 1.119370 
21.400000 0.821275 1.588846 1.150971 -2.541658 0.577264 1.350666 1.907944 -0.371761 2.440603 -2.143730 -0.584741 0.991130 
21.450000 0.816099 1.528991 1.165494 -2.488468 0.559591 1.263429 1.784061 -0.157125 2.358475 -2.225633 -0.745290 0.847657 
21.500000 0.823965 1.456571 1.173778 -2.422703 0.524814 1.167410 1.652830 0.065159 2.257315 -2.294103 -0.913347 0.691187 
21.550000 0.844376 1.371863 1.175723 -2.345308 0.474114 1.064190 1.516444 0.293028 2.137478 -2.348264 -1.086437 0.524085 
21.600000 0.876665 1.275315 1.171281 -2.257354 0.408879 0.955461 1.377141 0.524291 1.999574 -2.387378 -1.261959 0.348804 
21.650000 0.920009 1.167543 1.160448 -2.160029 0.330683 0.842993 1.237173 0.756662 1.844459 -2.410862 -1.437224 0.167857 
21.700000 0.973431 1.049337 1.143261 -2.054621 0.241260 0.728614 1.098768 0.987790 1.673228 -2.418289 -1.609501 -0.016220 
21.750000 1.035821 0.921646 1.119801 -1.942500 0.142486 0.614176 0.964097 1.215287 1.487200 -2.409397 -1.776052 -0.200900 
21.800000 1.105944 0.785577 1.090181 -1.825103 0.036348 0.501528 0.835240 1.436764 1.287902 -2.384091 -1.934184 -0.383701 
21.850000 1.182458 0.642383 1.054551 -1.703915 -0.075085 0.392490 0.714154 1.649862 1.077050 -2.342447 -2.081279 -0.562216 
21.900000 1.263932 0.493450 1.013092 -1.580451 -0.189689 0.288822 0.602645 1.852287 0.856525 -2.284705 -2.214847 -0.734144 
21.950000 1.348862 0.340282 0.966011 -1.456234 -0.305316 0.192199 0.502341 2.041840 0.628347 -2.211271 -2.332555 -0.897324 
22.000000 1.435694 0.184486 0.913541 -1.332780 -0.419822 0.104184 0.414664 2.216452 0.394649 -2.122713 -2.432270 -1.049755 
22.050000 1.522840 0.027752 0.855934 -1.211573 -0.531103 0.026206 0.340817 2.374213 0.157646 -2.019748 -2.512091 -1.189625 
22.100000 1.608703 -0.128167 0.793465 -1.094052 -0.637118 -0.040462 0.281759 2.513403 -0.080395 -1.903239 -2.570379 -1.315333 
22.150000 1.691696 -0.281477 0.726424 -0.981588 -0.735922 -0.094726 0.238197 2.632514 -0.317185 -1.774184 -2.605782 -1.425504 
22.200000 1.770261 -0.430364 0.655115 -0.875468 -0.825691 -0.135679 0.210576 2.730279 -0.550449 -1.633698 -2.617260 -1.519007 
22.250000 1.842891 -0.573020 0.579856 -0.776880 -0.904749 -0.162623 0.199073 2.805689 -0.777954 -1.483008 -2.604102 -1.594964 
22.300000 1.908153 -0.707664 0.500979 -0.686895 -0.971592 -0.175074 0.203598 2.858010 -0.997542 -1.323432 -2.565937 -1.652757 
22.350000 1.964700 -0.832567 0.418822 -0.606458 -1.024905 -0.172772 0.223795 2.886799 -1.207159 -1.156365 -2.502742 -1.692037 
22.400000 2.011294 -0.946076 0.333740 -0.536369 -1.063583 -0.155682 0.259053 2.891910 -1.404886 -0.983266 -2.414843 -1.712715 
22.450000 2.046823 -1.046636 0.246091 -0.477281 -1.086746 -0.123995 0.308515 2.873501 -1.588963 -0.805636 -2.302914 -1.714967 
22.500000 2.070311 -1.132811 0.156250 -0.429687 -1.093752 -0.078126 0.371095 2.832032 -1.757812 -0.625001 -2.167968 -1.699219 
22.550000 2.080936 -1.203310 0.064597 -0.393914 -1.084200 -0.018702 0.445495 2.768266 -1.910064 -0.442902 -2.011342 -1.666141 
22.600000 2.078038 -1.256996 -0.028473 -0.370123 -1.057942 0.053440 0.530228 2.683254 -2.044571 -0.260866 -1.834681 -1.616631 
22.650000 2.061130 -1.292913 -0.122556 -0.358304 -1.015079 0.137273 0.623645 2.578329 -2.160424 -0.080401 -1.639910 -1.551794 
22.700000 2.029903 -1.310298 -0.217236 -0.358277 -0.955961 0.231593 0.723959 2.455085 -2.256964 0.097029 -1.429214 -1.472929 
22.750000 1.984231 -1.308588 -0.312081 -0.369697 -0.881181 0.335040 0.829274 2.315358 -2.333789 0.270015 -1.205002 -1.381497 
22.800000 1.924172 -1.287440 -0.406648 -0.392057 -0.791564 0.446116 0.937619 2.161200 -2.390759 0.437217 -0.969870 -1.279105 
22.850000 1.849972 -1.246729 -0.500478 -0.424698 -0.688157 0.563210 1.046978 1.994855 -2.427992 0.597383 -0.726572 -1.167474 
22.900000 1.762056 -1.186559 -0.593098 -0.466814 -0.572213 0.684623 1.155318 1.818724 -2.445864 0.749351 -0.477972 -1.048412 
22.950000 1.661028 -1.107259 -0.684019 -0.517468 -0.445170 0.808592 1.260630 1.635333 -2.445000 0.892069 -0.227007 -0.923786 
23.000000 1.547659 -1.009388 -0.772738 -0.575602 -0.308631 0.933318 1.360950 1.447301 -2.426261 1.024600 0.023354 -0.795494 
23.050000 1.422881 -0.893722 -0.858737 -0.640050 -0.164343 1.056995 1.454398 1.257298 -2.390728 1.146126 0.270159 -0.665433 
23.100000 1.287776 -0.761255 -0.941487 -0.709559 -0.014166 1.177832 1.539202 1.068011 -2.339684 1.255960 0.510506 -0.535474 
23.150000 1.143558 -0.613182 -1.020443 -0.782799 0.139947 1.294087 1.613727 0.882105 -2.274597 1.353547 0.741594 -0.407431 
23.200000 0.991561 -0.450889 -1.095054 -0.858387 0.295984 1.404084 1.676497 0.702182 -2.197088 1.438463 0.960753 -0.283038 
23.250000 0.833222 -0.275936 -1.164759 -0.934901 0.451898 1.506245 1.726223 0.530749 -2.108910 1.510419 1.165491 -0.163921 
23.300000 0.670063 -0.090039 -1.228996 -1.010902 0.605641 1.599111 1.761812 0.370176 -2.011917 1.569261 1.353522 -0.051578 
23.350000 0.503671 0.104951 -1.287200 -1.084950 0.755191 1.681361 1.782392 0.222666 -1.908039 1.614963 1.522801 0.052643 
23.400000 0.335680 0.307067 -1.338811 -1.155625 0.898578 1.751831 1.787318 0.090218 -1.799244 1.647622 1.671549 0.147560 
23.450000 0.167746 0.514256 -1.383279 -1.221546 1.033915 1.809532 1.776181 -0.025397 -1.687513 1.667459 1.798281 0.232174 
23.500000 0.001533 0.724399 -1.420065 -1.281386 1.159424 1.853662 1.748813 -0.122665 -1.574809 1.674803 1.901820 0.305679 
23.550000 -0.161312 0.935339 -1.448655 -1.333891 1.273460 1.883619 1.705288 -0.200353 -1.463042 1.670088 1.981315 0.367469 
23.600000 -0.319178 1.144906 -1.468558 -1.377897 1.374533 1.899003 1.645916 -0.257523 -1.354046 1.653842 2.036248 0.417150 
23.650000 -0.470509 1.350948 -1.479317 -1.412343 1.461330 1.899623 1.571238 -0.293551 -1.249544 1.626678 2.066439 0.454531 
23.700000 -0.613826 1.551351 -1.480515 -1.436283 1.532730 1.885499 1.482013 -0.308135 -1.151130 1.589279 2.072046 0.479635 
23.750000 -0.747739 1.744072 -1.471783 -1.448902 1.587822 1.856858 1.379205 -0.301298 -1.060240 1.542394 2.053557 0.492685 
23.800000 -0.870971 1.927160 -1.452805 -1.449522 1.625915 1.814128 1.263965 -0.273391 -0.978130 1.486818 2.011778 0.494099 
23.850000 -0.982366 2.098780 -1.423327 -1.437613 1.646544 1.757927 1.137613 -0.225089 -0.905866 1.423385 1.947822 0.484483 
23.900000 -1.080907 2.257237 -1.383163 -1.412794 1.649481 1.689058 1.001608 -0.157378 -0.844299 1.352958 1.863083 0.464614 
23.950000 -1.165726 2.400994 -1.332201 -1.374845 1.634732 1.608485 0.857533 -0.071544 -0.794063 1.276412 1.759213 0.435422 
24.000000 -1.236113 2.528695 -1.270413 -1.323700 1.602538 1.517325 0.707058 0.030846 -0.755562 1.194627 1.638096 0.397979 
24.050000 -1.291526 2.639175 -1.197853 -1.259455 1.553370 1.416822 0.551922 0.147966 -0.728968 1.108478 1.501812 0.353474 
24.100000 -1.331592 2.731476 -1.114672 -1.182360 1.487917 1.308330 0.393894 0.277758 -0.714223 1.018821 1.352605 0.303191 
24.150000 -1.356115 2.804859 -1.021114 -1.092818 1.407082 1.193291 0.234755 0.417963 -0.711038 0.926490 1.192845 0.248490 
24.200000 -1.365073 2.858809 -0.917523 -0.991380 1.311963 1.073205 0.076261 0.566151 -0.718909 0.832284 1.024992 0.190782 
24.250000 -1.358620 2.893040 -0.804346 -0.878731 1.203835 0.949613 -0.079884 0.719761 -0.737119 0.736963 0.851552 0.131503 
24.300000 -1.337079 2.907497 -0.682132 -0.755690 1.084139 0.824069 -0.232049 0.876132 -0.764760 0.641240 0.675040 0.072094 
24.350000 -1.300942 2.902354 -0.551533 -0.623191 0.954450 0.698115 -0.378710 1.032551 -0.800749 0.545781 0.497942 0.013975 
24.400000 -1.250854 2.878008 -0.413308 -0.482274 0.816464 0.573256 -0.518467 1.186285 -0.843846 0.451193 0.322670 -0.041478 
24.450000 -1.187614 2.835073 -0.268310 -0.334073 0.671966 0.450940 -0.650066 1.334625 -0.892681 0.358032 0.151532 -0.092952 
24.500000 -1.112155 2.774369 -0.117494 -0.179799 0.522811 0.332530 -0.772419 1.474927 -0.945778 0.266793 -0.013309 -0.139220 
24.550000 -1.025537 2.696909 0.038095 -0.020724 0.370894 0.219290 -0.884621 1.604649 -1.001581 0.177915 -0.169864 -0.179159 
24.600000 -0.928930 2.603881 0.197327 0.141831 0.218125 0.112360 -0.985956 1.721393 -1.058484 0.091782 -0.316351 -0.211766 
24.650000 -0.823601 2.496634 0.358992 0.306515 0.066404 0.012745 -1.075911 1.822935 -1.114862 0.008722 -0.451217 -0.236169 
24.700000 -0.710895 2.376652 0.521812 0.471962 -0.082406 -0.078706 -1.154179 1.907264 -1.169096 -0.070988 -0.573164 -0.251647 
24.750000 -0.592223 2.245541 0.684448 0.636807 -0.226503 -0.161304 -1.220659 1.972611 -1.219606 -0.147118 -0.681162 -0.257632 
24.800000 -0.469040 2.104996 0.845513 0.799703 -0.364170 -0.234532 -1.275458 2.017474 -1.264880 -0.219481 -0.774466 -0.253716 
24.850000 -0.342830 1.956787 1.003583 0.959333 -0.493795 -0.298053 -1.318881 2.040645 -1.303498 -0.287928 -0.852624 -0.239660 
24.900000 -0.215088 1.802726 1.157211 1.114429 -0.613894 -0.351709 -1.351423 2.041224 -1.334163 -0.352345 -0.915476 -0.215388 
24.950000 -0.087302 1.644645 1.304939 1.263780 -0.723127 -0.395521 -1.373757 2.018641 -1.355721 -0.412641 -0.963158 -0.180991 
25.000000 0.039061 1.484376 1.445313 1.406251 -0.820312 -0.429687 -1.386719 1.972657 -1.367187 -0.468749 -0.996093 -0.136719 
25.050000 0.162576 1.323716 1.576900 1.540788 -0.904444 -0.454576 -1.391286 1.903377 -1.367758 -0.520618 -1.014977 -0.082975 
25.100000 0.281871 1.164413 1.698300 1.666430 -0.974697 -0.470715 -1.388560 1.811246 -1.356837 -0.568204 -1.020769 -0.020305 
25.150000 0.395644 1.008138 1.808163 1.782321 -1.030438 -0.478779 -1.379741 1.697044 -1.334038 -0.611469 -1.014665 0.050614 
25.200000 0.502674 0.856467 1.905203 1.887710 -1.071229 -0.479581 -1.366104 1.561879 -1.299198 -0.650374 -0.998077 0.128985 
25.250000 0.601835 0.710856 1.988214 1.981963 -1.096828 -0.474045 -1.348974 1.407172 -1.252384 -0.684875 -0.972607 0.213913 
25.300000 0.692106 0.572630 2.056083 2.064561 -1.107189 -0.463197 -1.329697 1.234635 -1.193894 -0.714920 -0.940010 0.304415 
25.350000 0.772576 0.442964 2.107808 2.135109 -1.102460 -0.448140 -1.309612 1.046253 -1.124250 -0.740442 -0.902169 0.399441 
25.400000 0.842459 0.322867 2.142504 2.193328 -1.082970 -0.430033 -1.290028 0.844254 -1.044199 -0.761363 -0.861053 0.497894 
25.450000 0.901090 0.213180 2.159421 2.239063 -1.049227 -0.410067 -1.272195 0.631077 -0.954700 -0.777586 -0.818682 0.598649 
25.500000 0.947937 0.114559 2.157953 2.272271 -1.001902 -0.389448 -1.257277 0.409345 -0.856908 -0.789000 -0.777092 0.700570 
25.550000 0.982599 0.027474 2.137645 2.293026 -0.941816 -0.369364 -1.246332 0.181820 -0.752161 -0.795475 -0.738294 0.802533 
25.600000 1.004806 -0.047790 2.098206 2.301510 -0.869926 -0.350972 -1.240284 -0.048625 -0.641958 -0.796868 -0.704239 0.903441 
25.650000 1.014421 -0.111141 2.039511 2.298004 -0.787306 -0.335369 -1.239912 -0.279056 -0.527938 -0.793022 -0.676779 1.002244 
25.700000 1.011434 -0.162667 1.961608 2.282885 -0.695130 -0.323574 -1.245823 -0.506509 -0.411853 -0.783770 -0.657636 1.097958 
25.750000 0.995961 -0.202638 1.864718 2.256616 -0.594649 -0.316507 -1.258445 -0.728038 -0.295541 -0.768938 -0.648365 1.189674 
25.800000 0.968234 -0.231493 1.749242 2.219737 -0.487176 -0.314971 -1.278015 -0.940749 -0.180897 -0.748352 -0.650329 1.276576 
25.850000 0.928599 -0.249829 1.615754 2.172855 -0.374062 -0.319637 -1.304568 -1.141847 -0.069845 -0.721837 -0.664669 1.357952 
25.900000 0.877508 -0.258391 1.464999 2.116633 -0.256678 -0.331029 -1.337938 -1.328668 0.035697 -0.689231 -0.692284 1.433204 
25.950000 0.815504 -0.258056 1.297892 2.051784 -0.136391 -0.349513 -1.377752 -1.498717 0.133844 -0.650384 -0.733810 1.501850 
26.000000 0.743222 -0.249812 1.115508 1.979056 -0.014550 -0.375289 -1.423441 -1.649704 0.222776 -0.605166 -0.789606 1.563537 
26.050000 0.661368 -0.234747 0.919074 1.899223 0.107539 -0.408386 -1.474240 -1.779571 0.300772 -0.553477 -0.859746 1.618036 
26.100000 0.570717 -0.214023 0.709958 1.813078 0.228623 -0.448657 -1.529203 -1.886524 0.366231 -0.495249 -0.944014 1.665245 
26.150000 0.472098 -0.188861 0.489659 1.721417 0.347523 -0.495784 -1.587218 -1.969053 0.417707 -0.430454 -1.041901 1.705186 
26.200000 0.366384 -0.160515 0.259791 1.625039 0.463146 -0.549277 -1.647018 -2.025952 0.453929 -0.359111 -1.152614 1.738000 
26.250000 0.254482 -0.130256 0.022069 1.524727 0.574497 -0.608483 -1.707211 -2.056335 0.473825 -0.281288 -1.275083 1.763940 
26.300000 0.137322 -0.099349 -0.221708 1.421250 0.680691 -0.672595 -1.766294 -2.059648 0.476542 -0.197114 -1.407978 1.783359 
26.350000 0.015846 -0.069032 -0.469674 1.315350 0.780958 -0.740666 -1.822685 -2.035673 0.461462 -0.106777 -1.549726 1.796703 
26.400000 -0.108999 -0.040498 -0.719912 1.207738 0.874648 -0.811619 -1.874745 -1.984531 0.428215 -0.010528 -1.698533 1.804493 
26.450000 -0.236274 -0.014876 -0.970478 1.099088 0.961238 -0.884272 -1.920812 -1.906674 0.376687 0.091312 -1.852415 1.807314 
26.500000 -0.365052 0.006787 -1.219418 0.990036 1.040330 -0.957348 -1.959223 -1.802886 0.307028 0.198354 -2.009227 1.805799 
26.550000 -0.494427 0.023541 -1.464785 0.881174 1.111651 -1.029505 -1.988352 -1.674260 0.219649 0.310138 -2.166692 1.800609 
26.600000 -0.623524 0.034547 -1.704664 0.773048 1.175047 -1.099353 -2.006636 -1.522190 0.115226 0.426136 -2.322445 1.792420 
26.650000 -0.751500 0.039089 -1.937186 0.666159 1.230479 -1.165478 -2.012604 -1.348346 -0.005314 0.545751 -2.474063 1.781904 
26.700000 -0.877548 0.036583 -2.160551 0.560962 1.278017 -1.226469 -2.004905 -1.154647 -0.140800 0.668323 -2.619108 1.769710 
26.750000 -1.000907 0.026587 -2.373046 0.457866 1.317826 -1.280940 -1.982340 -0.943241 -0.289831 0.793130 -2.755164 1.756449 
26.800000 -1.120858 0.008801 -2.573057 0.357236 1.350159 -1.327555 -1.943881 -0.716467 -0.450793 0.919395 -2.879881 1.742679 
26.850000 -1.236730 -0.016925 -2.759095 0.259397 1.375345 -1.365051 -1.888695 -0.476828 -0.621884 1.046291 -2.991008 1.728886 
26.900000 -1.347899 -0.050593 -2.929801 0.164634 1.393771 -1.392266 -1.816168 -0.226952 -0.801134 1.172951 -3.086433 1.715475 
26.950000 -1.453790 -0.092058 -3.083966 0.073199 1.405872 -1.408152 -1.725917 0.030443 -0.986434 1.298472 -3.164220 1.702753 
27.000000 -1.553871 -0.141036 -3.220540 -0.014690 1.412117 -1.411803 -1.617803 0.292582 -1.175563 1.421931 -3.222640 1.690923 
27.050000 -1.647662 -0.197105 -3.338641 -0.098839 1.412990 -1.402468 -1.491945 0.556676 -1.366222 1.542386 -3.260202 1.680076 
27.100000 -1.734720 -0.259717 -3.437566 -0.179078 1.408978 -1.379568 -1.348724 0.819955 -1.556061 1.658896 -3.275681 1.670180 
27.150000 -1.814649 -0.328209 -3.516796 -0.255255 1.400560 -1.342711 -1.188780 1.079703 -1.742717 1.770526 -3.268139 1.661083 
27.200000 -1.887089 -0.401813 -3.575998 -0.327233 1.388184 -1.291699 -1.013016 1.333296 -1.923843 1.876360 -3.236942 1.652510 
27.250000 -1.951717 -0.479672 -3.615028 -0.394885 1.372266 -1.226538 -0.822589 1.578231 -2.097145 1.975515 -3.181779 1.644062 
27.300000 -2.008239 -0.560853 -3.633933 -0.458089 1.353167 -1.147440 -0.618897 1.812161 -2.260409 2.067148 -3.102664 1.635225 
27.350000 -2.056397 -0.644365 -3.632944 -0.516727 1.331193 -1.054825 -0.403567 2.032916 -2.411538 2.150473 -2.999948 1.625373 
27.400000 -2.095953 -0.729174 -3.612475 -0.570682 1.306580 -0.949319 -0.178436 2.238534 -2.548575 2.224765 -2.874308 1.613779 
27.450000 -2.126696 -0.814220 -3.573117 -0.619835 1.279489 -0.831747 0.054472 2.427278 -2.669738 2.289378 -2.726751 1.599629 
27.500000 -2.148437 -0.898438 -3.515624 -0.664063 1.250000 -0.703125 0.292969 2.597656 -2.773439 2.343750 -2.558594 1.582031 
27.550000 -2.161004 -0.980768 -3.440910 -0.703241 1.218115 -0.564648 0.534735 2.748433 -2.858306 2.387413 -2.371454 1.560034 
27.600000 -2.164242 -1.060179 -3.350032 -0.737237 1.183749 -0.417672 0.777344 2.878640 -2.923208 2.420001 -2.167222 1.532646 
27.650000 -2.158014 -1.135683 -3.244180 -0.765919 1.146736 -0.263702 1.018300 2.987583 -2.967262 2.441254 -1.948042 1.498852 
27.700000 -2.142199 -1.206344 -3.124656 -0.789150 1.106832 -0.104367 1.255069 3.074840 -2.989851 2.451029 -1.716281 1.457632 
27.750000 -2.116689 -1.271303 -2.992868 -0.806796 1.063721 0.058599 1.485117 3.140261 -2.990629 2.449297 -1.474491 1.407986 
27.800000 -2.081395 -1.329781 -2.850302 -0.818724 1.017020 0.223384 1.705941 3.183959 -2.969525 2.436151 -1.225382 1.348953 
27.850000 -2.036244 -1.381094 -2.698513 -0.824810 0.966292 0.388122 1.915112 3.206304 -2.926742 2.411804 -0.971778 1.279634 
27.900000 -1.981184 -1.424662 -2.539103 -0.824939 0.911054 0.550921 2.110301 3.207905 -2.862755 2.376585 -0.716575 1.199209 
27.950000 -1.916184 -1.460016 -2.373701 -0.819012 0.850788 0.709887 2.289322 3.189594 -2.778300 2.330944 -0.462707 1.106963 
28.000000 -1.841240 -1.486805 -2.203949 -0.806950 0.784959 0.863156 2.450157 3.152405 -2.674363 2.275441 -0.213096 1.002302 
28.050000 -1.756374 -1.504794 -2.031480 -0.788700 0.713029 1.008920 2.590992 3.097555 -2.552163 2.210741 0.029385 0.884773 
28.100000 -1.661642 -1.513872 -1.857899 -0.764239 0.634466 1.145452 2.710242 3.026413 -2.413137 2.137612 0.261956 0.754078 
28.150000 -1.557136 -1.514049 -1.684773 -0.733582 0.548767 1.271134 2.806576 2.940481 -2.258911 2.056909 0.481969 0.610091 
28.200000 -1.442991 -1.505449 -1.513603 -0.696785 0.455473 1.384481 2.878937 2.841360 -2.091282 1.969567 0.686947 0.452867 
28.250000 -1.319386 -1.488311 -1.345820 -0.653950 0.354178 1.484163 2.926562 2.730723 -1.912184 1.876592 0.874619 0.282653 
28.300000 -1.186548 -1.462980 -1.182763 -0.605232 0.244553 1.569027 2.948994 2.610290 -1.723665 1.779044 1.042955 0.099898 
28.350000 -1.044762 -1.429899 -1.025669 -0.550842 0.126355 1.638111 2.946092 2.481794 -1.527851 1.678024 1.190190 -0.094750 
28.400000 -0.894369 -1.389598 -0.875660 -0.491048 -0.000559 1.690666 2.918034 2.346957 -1.326919 1.574664 1.314857 -0.300440 
28.450000 -0.735772 -1.342685 -0.733738 -0.426184 -0.136219 1.726161 2.865317 2.207460 -1.123061 1.470106 1.415799 -0.516120 
28.500000 -0.569439 -1.289833 -0.600768 -0.356646 -0.280530 1.744297 2.788757 2.064923 -0.918453 1.365493 1.492192 -0.740543 
28.550000 -0.395905 -1.231764 -0.477482 -0.282898 -0.433268 1.745011 2.689472 1.920874 -0.715226 1.261948 1.543552 -0.972278 
28.600000 -0.215774 -1.169241 -0.364465 -0.205469 -0.594070 1.728477 2.568878 1.776735 -0.515431 1.160562 1.569744 -1.209721 
28.650000 -0.029720 -1.103048 -0.262159 -0.124952 -0.762428 1.695105 2.428661 1.633798 -0.321012 1.062381 1.570979 -1.451109 
28.700000 0.161514 -1.033978 -0.170860 -0.042006 -0.937694 1.645539 2.270765 1.493216 -0.133779 0.968385 1.547811 -1.694541 
28.750000 0.357115 -0.962821 -0.090717 0.042652 -1.119071 1.580643 2.097359 1.355984 0.044615 0.879481 1.501129 -1.937995 
28.800000 0.556207 -0.890346 -0.021739 0.128249 -1.305625 1.501494 1.910814 1.222931 0.212701 0.796487 1.432140 -2.179353 
28.850000 0.757848 -0.817289 0.036204 0.213961 -1.496284 1.409365 1.713665 1.094719 0.369211 0.720120 1.342347 -2.416429 
28.900000 0.961038 -0.744341 0.083373 0.298920 -1.689848 1.305707 1.508582 0.971836 0.513091 0.650989 1.233533 -2.646988 
28.950000 1.164727 -0.672139 0.120154 0.382223 -1.885001 1.192130 1.298332 0.854595 0.643517 0.589580 1.107722 -2.868782 
29.000000 1.367815 -0.601251 0.147047 0.462938 -2.080322 1.070378 1.085741 0.743145 0.759904 0.536257 0.967155 -3.079577 
29.050000 1.569166 -0.532171 0.164658 0.540116 -2.274299 0.942304 0.873653 0.637474 0.861905 0.491250 0.814252 -3.277178 
29.100000 1.767613 -0.465310 0.173685 0.612800 -2.465348 0.809845 0.664897 0.537418 0.949421 0.454652 0.651575 -3.459467 
29.150000 1.961971 -0.400991 0.174909 0.680035 -2.651833 0.674991 0.462240 0.442677 1.022587 0.426422 0.481786 -3.624425 
29.200000 2.151044 -0.339446 0.169177 0.740881 -2.832079 0.539760 0.268357 0.352831 1.081775 0.406381 0.307607 -3.770165 
29.250000 2.333640 -0.280816 0.157394 0.794425 -3.004402 0.406166 0.085788 0.267357 1.127577 0.394213 0.131780 -3.894957 
29.300000 2.508579 -0.225145 0.140505 0.839793 -3.167127 0.276188 -0.083093 0.185644 1.160793 0.389475 -0.042979 -3.997258 
29.350000 2.674708 -0.172390 0.119482 0.876159 -3.318611 0.151746 -0.236113 0.107024 1.182415 0.391597 -0.214018 -4.075731 
29.400000 2.830914 -0.122419 0.095312 0.902761 -3.457265 0.034668 -0.371328 0.030785 1.193603 0.399893 -0.378793 -4.129269 
29.450000 2.976136 -0.075020 0.068980 0.918912 -3.581580 -0.073333 -0.487048 -0.043803 1.195664 0.413569 -0.534903 -4.157014 
29.500000 3.109377 -0.029904 0.041459 0.924007 -3.690149 -0.170686 -0.581865 -0.117465 1.190028 0.431737 -0.680132 -4.158372 
29.550000 3.229716 0.013279 0.013697 0.917538 -3.781686 -0.255985 -0.654666 -0.190898 1.178219 0.453425 -0.812475 -4.133026 
29.600000 3.336323 0.054937 -0.013397 0.899103 -3.855048 -0.328007 -0.704647 -0.264753 1.161825 0.477591 -0.930174 -4.080946 
29.650000 3.428469 0.095520 -0.038963 0.868412 -3.909255 -0.385733 -0.731329 -0.339608 1.142473 0.503140 -1.031739 -4.002389 
29.700000 3.505534 0.135511 -0.062198 0.825294 -3.943505 -0.428360 -0.734557 -0.415956 1.121794 0.528938 -1.115974 -3.897910 
29.750000 3.567021 0.175411 -0.082368 0.769706 -3.957193 -0.455314 -0.714503 -0.494182 1.101397 0.553832 -1.181993 -3.768349 
29.800000 3.612562 0.215724 -0.098816 0.701738 -3.949919 -0.466256 -0.671661 -0.574552 1.082838 0.576662 -1.229228 -3.614832 
29.850000 3.641927 0.256947 -0.110965 0.621609 -3.921501 -0.461090 -0.606840 -0.657200 1.067590 0.596283 -1.257441 -3.438759 
29.900000 3.655026 0.299554 -0.118325 0.529676 -3.871979 -0.439959 -0.521147 -0.742116 1.057020 0.611580 -1.266722 -3.241787 
29.950000 3.651919 0.343984 -0.120501 0.426432 -3.801625 -0.403245 -0.415973 -0.829143 1.052361 0.621486 -1.257487 -3.025816 
30.000000 3.632813 0.390623 -0.117187 0.312499 -3.710939 -0.351564 -0.292969 -0.917969 1.054688 0.624998 -1.230469 -2.792969 
30.050000 3.598067 0.439802 -0.108175 0.188630 -3.600647 -0.285750 -0.154021 -1.008132 1.064902 0.621193 -1.186704 -2.545563 
30.100000 3.548189 0.491774 -0.093352 0.055699 -3.471700 -0.206850 -0.001222 -1.099019 1.083711 0.609243 -1.127513 -2.286086 
30.150000 3.483833 0.546715 -0.072696 -0.085304 -3.325263 -0.116103 0.163159 -1.189875 1.111615 0.588426 -1.054476 -2.017168 
30.200000 3.405795 0.604706 -0.046279 -0.233281 -3.162702 -0.014918 0.336715 -1.279808 1.148898 0.558145 -0.969409 -1.741547 
30.250000 3.315007 0.665734 -0.014259 -0.387041 -2.985574 0.095142 0.516929 -1.367807 1.195619 0.517929 -0.874330 -1.462038 
30.300000 3.212528 0.729683 0.023124 -0.545308 -2.795603 0.212386 0.701221 -1.452754 1.251612 0.467449 -0.771424 -1.181500 
30.350000 3.099533 0.796331 0.065553 -0.706735 -2.594670 0.335025 0.886978 -1.533441 1.316485 0.406525 -0.663009 -0.902796 
30.400000 2.977304 0.865352 0.112640 -0.869921 -2.384782 0.461192 1.071595 -1.608591 1.389625 0.335125 -0.551496 -0.628765 
30.450000 2.847212 0.936312 0.163935 -1.033425 -2.168051 0.588979 1.252514 -1.676881 1.470206 0.253373 -0.439347 -0.362181 
30.500000 2.710710 1.008676 0.218931 -1.195779 -1.946672 0.716459 1.427261 -1.736966 1.557204 0.161550 -0.329033 -0.105721 
30.550000 2.569308 1.081812 0.277075 -1.355513 -1.722889 0.841719 1.593476 -1.787498 1.649409 0.060088 -0.222999 0.138065 
30.600000 2.424565 1.154996 0.337775 -1.511162 -1.498973 0.962889 1.748957 -1.827161 1.745447 -0.050426 -0.123613 0.366793 
30.650000 2.278065 1.227426 0.400409 -1.661293 -1.277188 1.078168 1.891678 -1.854687 1.843799 -0.169265 -0.033134 0.578264 
30.700000 2.131402 1.298228 0.464335 -1.804516 -1.059768 1.185856 2.019830 -1.868889 1.942827 -0.295562 0.046329 0.770503 
30.750000 1.986159 1.366470 0.528895 -1.939504 -0.848883 1.284373 2.131836 -1.868682 2.040799 -0.428321 0.112853 0.941770 
30.800000 1.843894 1.431176 0.593431 -2.065006 -0.646613 1.372289 2.226376 -1.853109 2.135918 -0.566431 0.164733 1.090591 
30.850000 1.706115 1.491343 0.657286 -2.179868 -0.454921 1.448342 2.302404 -1.821361 2.226350 -0.708679 0.200511 1.215771 
30.900000 1.574267 1.545954 0.719815 -2.283044 -0.275628 1.511458 2.359161 -1.772802 2.310258 -0.853758 0.219003 1.316408 
30.950000 1.449712 1.593999 0.780392 -2.373608 -0.110387 1.560764 2.396182 -1.706981 2.385825 -1.000294 0.219319 1.391902 
31.000000 1.333712 1.634487 0.838417 -2.450772 0.039336 1.595607 2.413301 -1.623655 2.451294 -1.146850 0.200878 1.441961 
31.050000 1.227414 1.666470 0.893320 -2.513890 0.172283 1.615558 2.410650 -1.522795 2.504990 -1.291956 0.163423 1.466606 
31.100000 1.131835 1.689056 0.944567 -2.562469 0.287421 1.620418 2.388655 -1.404599 2.545349 -1.434117 0.107024 1.466161 
31.150000 1.047852 1.701431 0.991667 -2.596176 0.383951 1.610225 2.348024 -1.269498 2.570952 -1.571838 0.032079 1.441254 
31.200000 0.976185 1.702869 1.034171 -2.614846 0.461327 1.585248 2.289736 -1.118159 2.580542 -1.703642 -0.060686 1.392802 
31.250000 0.917394 1.692755 1.071679 -2.618477 0.519254 1.545984 2.215023 -0.951479 2.573050 -1.828085 -0.170231 1.321998 
31.300000 0.871867 1.670594 1.103840 -2.607239 0.557695 1.493150 2.125345 -0.770587 2.547614 -1.943777 -0.295214 1.230292 
31.350000 0.839816 1.636028 1.130354 -2.581466 0.576873 1.427671 2.022370 -0.576829 2.503599 -2.049402 -0.434011 1.119370 
31.400000 0.821275 1.588846 1.150971 -2.541658 0.577264 1.350666 1.907944 -0.371761 2.440603 -2.143730 -0.584741 0.991130 
31.450000 0.816099 1.528991 1.165494 -2.488468 0.559591 1.263429 1.784061 -0.157125 2.358475 -2.225633 -0.745290 0.847657 
31.500000 0.823965 1.456571 1.173778 -2.422703 0.524814 1.167410 1.652830 0.065159 2.257315 -2.294103 -0.913347 0.691187 
31.550000 0.844376 1.371863 1.175723 -2.345308 0.474114 1.064190 1.516444 0.293028 2.137478 -2.348264 -1.086437 0.524085 
31.600000 0.876665 1.275315 1.171281 -2.257354 0.408879 0.955461 1.377141 0.524291 1.999574 -2.387378 -1.261959 0.348804 
31.650000 0.920009 1.167543 1.160448 -2.160029 0.330683 0.842993 1.237173 0.756662 1.844459 -2.410862 -1.437224 0.167857 
31.700000 0.973431 1.049337 1.143261 -2.054621 0.241260 0.728614 1.098768 0.987790 1.673228 -2.418289 -1.609501 -0.016220 
31.750000 1.035821 0.921646 1.119801 -1.942500 0.142486 0.614176 0.964097 1.215287 1.487200 -2.409397 -1.776052 -0.200900 
31.800000 1.105944 0.785577 1.090181 -1.825103 0.036348 0.501528 0.835240 1.436764 1.287902 -2.384091 -1.934184 -0.383701 
31.850000 1.182458 0.642383 1.054551 -1.703915 -0.075085 0.392490 0.714154 1.649862 1.077050 -2.342447 -2.081279 -0.562216 
31.900000 1.263932 0.493450 1.013092 -1.580451 -0.189689 0.288822 0.602645 1.852287 0.856525 -2.284705 -2.214847 -0.734144 
31.950000 1.348862 0.340282 0.966011 -1.456234 -0.305316 0.192199 0.502341 2.041840 0.628347 -2.211271 -2.332555 -0.897324 
32.000000 1.435694 0.184486 0.913541 -1.332780 -0.419822 0.104184 0.414664 2.216452 0.394649 -2.122713 -2.432270 -1.049755 
32.050000 1.522840 0.027752 0.855934 -1.211573 -0.531103 0.026206 0.340817 2.374213 0.157646 -2.019748 -2.512091 -1.189625 
32.100000 1.608703 -0.128167 0.793465 -1.094052 -0.637118 -0.040462 0.281759 2.513403 -0.080395 -1.903239 -2.570379 -1.315333 
32.150000 1.691696 -0.281477 0.726424 -0.981588 -0.735922 -0.094726 0.238197 2.632514 -0.317185 -1.774184 -2.605782 -1.425504 
32.200000 1.770261 -0.430364 0.655115 -0.875468 -0.825691 -0.135679 0.210576 2.730279 -0.550449 -1.633698 -2.617260 -1.519007 
32.250000 1.842891 -0.573020 0.579856 -0.776880 -0.904749 -0.162623 0.199073 2.805689 -0.777954 -1.483008 -2.604102 -1.594964 
32.300000 1.908153 -0.707664 0.500979 -0.686895 -0.971592 -0.175074 0.203598 2.858010 -0.997542 -1.323432 -2.565937 -1.652757 
32.350000 1.964700 -0.832567 0.418822 -0.606458 -1.024905 -0.172772 0.223795 2.886799 -1.207159 -1.156365 -2.502742 -1.692037 
32.400000 2.011294 -0.946076 0.333740 -0.536369 -1.063583 -0.155682 0.259053 2.891910 -1.404886 -0.983266 -2.414843 -1.712715 
32.450000 2.046823 -1.046636 0.246091 -0.477281 -1.086746 -0.123995 0.308515 2.873501 -1.588963 -0.805636 -2.302914 -1.714967 
32.500000 2.070311 -1.132811 0.156250 -0.429687 -1.093752 -0.078126 0.371095 2.832032 -1.757812 -0.625002 -2.167968 -1.699219 
32.550000 2.080936 -1.203310 0.064597 -0.393914 -1.084200 -0.018702 0.445495 2.768266 -1.910064 -0.442902 -2.011342 -1.666141 
32.600000 2.078038 -1.256996 -0.028473 -0.370123 -1.057942 0.053440 0.530228 2.683254 -2.044571 -0.260866 -1.834681 -1.616631 
32.650000 2.061130 -1.292913 -0.122556 -0.358304 -1.015079 0.137273 0.623645 2.578329 -2.160424 -0.080401 -1.639910 -1.551794 
32.700000 2.029903 -1.310298 -0.217236 -0.358277 -0.955961 0.231593 0.723959 2.455085 -2.256964 0.097029 -1.429214 -1.472929 
32.750000 1.984231 -1.308588 -0.312081 -0.369697 -0.881181 0.335040 0.829274 2.315358 -2.333789 0.270015 -1.205002 -1.381497 
32.800000 1.924172 -1.287440 -0.406648 -0.392057 -0.791564 0.446116 0.937619 2.161200 -2.390759 0.437217 -0.969870 -1.279105 
32.850000 1.849972 -1.246729 -0.500478 -0.424698 -0.688157 0.563210 1.046978 1.994855 -2.427992 0.597383 -0.726572 -1.167474 
32.900000 1.762056 -1.186559 -0.593098 -0.466814 -0.572213 0.684623 1.155318 1.818724 -2.445864 0.749351 -0.477972 -1.048412 
32.950000 1.661028 -1.107259 -0.684019 -0.517468 -0.445170 0.808592 1.260630 1.635333 -2.445000 0.892069 -0.227007 -0.923786 
33.000000 1.547659 -1.009388 -0.772738 -0.575602 -0.308631 0.933318 1.360950 1.447301 -2.426261 1.024600 0.023354 -0.795494 
33.050000 1.422881 -0.893722 -0.858737 -0.640050 -0.164343 1.056995 1.454398 1.257298 -2.390728 1.146126 0.270159 -0.665433 
33.100000 1.287776 -0.761255 -0.941487 -0.709559 -0.014166 1.177832 1.539202 1.068011 -2.339684 1.255960 0.510506 -0.535474 
33.150000 1.143558 -0.613182 -1.020443 -0.782799 0.139947 1.294087 1.613727 0.882105 -2.274597 1.353547 0.741594 -0.407431 
33.200000 0.991561 -0.450889 -1.095054 -0.858387 0.295984 1.404084 1.676497 0.702182 -2.197088 1.438463 0.960753 -0.283038 
33.250000 0.833222 -0.275936 -1.164759 -0.934901 0.451898 1.506245 1.726223 0.530749 -2.108910 1.510419 1.165491 -0.163921 
33.300000 0.670063 -0.090039 -1.228996 -1.010902 0.605641 1.599111 1.761812 0.370176 -2.011917 1.569261 1.353522 -0.051578 
33.350000 0.503671 0.104951 -1.287200 -1.084950 0.755191 1.681361 1.782392 0.222666 -1.908039 1.614963 1.522801 0.052643 
33.400000 0.335680 0.307067 -1.338811 -1.155625 0.898578 1.751831 1.787318 0.090218 -1.799244 1.647622 1.671549 0.147560 
33.450000 0.167746 0.514256 -1.383279 -1.221546 1.033915 1.809532 1.776181 -0.025397 -1.687513 1.667459 1.798281 0.232174 
33.500000 0.001533 0.724399 -1.420065 -1.281386 1.159424 1.853662 1.748813 -0.122665 -1.574809 1.674803 1.901820 0.305679 
33.550000 -0.161312 0.935339 -1.448655 -1.333891 1.273460 1.883619 1.705288 -0.200353 -1.463042 1.670088 1.981315 0.367469 
33.600000 -0.319178 1.144906 -1.468558 -1.377897 1.374533 1.899003 1.645916 -0.257523 -1.354046 1.653842 2.036248 0.417150 
33.650000 -0.470509 1.350948 -1.479317 -1.412343 1.461330 1.899623 1.571238 -0.293551 -1.249544 1.626678 2.066439 0.454531 
33.700000 -0.613826 1.551351 -1.480515 -1.436283 1.532730 1.885499 1.482013 -0.308135 -1.151130 1.589279 2.072046 0.479635 
33.750000 -0.747739 1.744072 -1.471783 -1.448902 1.587822 1.856858 1.379205 -0.301298 -1.060240 1.542394 2.053557 0.492685 
33.800000 -0.870971 1.927160 -1.452805 -1.449522 1.625915 1.814128 1.263965 -0.273391 -0.978130 1.486818 2.011778 0.494099 
33.850000 -0.982366 2.098780 -1.423327 -1.437613 1.646544 1.757927 1.137613 -0.225089 -0.905866 1.423385 1.947822 0.484483 
33.900000 -1.080907 2.257237 -1.383163 -1.412794 1.649481 1.689058 1.001608 -0.157378 -0.844299 1.352958 1.863083 0.464614 
33.950000 -1.165726 2.400994 -1.332201 -1.374845 1.634732 1.608485 0.857533 -0.071544 -0.794063 1.276412 1.759213 0.435422 
34.000000 -1.236113 2.528695 -1.270413 -1.323700 1.602538 1.517325 0.707058 0.030846 -0.755562 1.194627 1.638096 0.397979 
34.050000 -1.291526 2.639175 -1.197853 -1.259455 1.553370 1.416822 0.551922 0.147966 -0.728968 1.108478 1.501812 0.353474 
34.100000 -1.331592 2.731476 -1.114672 -1.182360 1.487917 1.308330 0.393894 0.277758 -0.714223 1.018821 1.352605 0.303191 
34.150000 -1.356115 2.804859 -1.021114 -1.092818 1.407082 1.193291 0.234755 0.417963 -0.711038 0.926490 1.192845 0.248490 
34.200000 -1.365073 2.858809 -0.917523 -0.991380 1.311963 1.073205 0.076261 0.566151 -0.718909 0.832284 1.024992 0.190782 
34.250000 -1.358620 2.893040 -0.804346 -0.878731 1.203835 0.949613 -0.079884 0.719761 -0.737119 0.736963 0.851552 0.131503 
34.300000 -1.337079 2.907497 -0.682132 -0.755690 1.084139 0.824069 -0.232049 0.876132 -0.764760 0.641240 0.675040 0.072094 
34.350000 -1.300942 2.902354 -0.551533 -0.623191 0.954450 0.698115 -0.378710 1.032551 -0.800749 0.545781 0.497942 0.013975 
34.400000 -1.250854 2.878008 -0.413308 -0.482274 0.816464 0.573256 -0.518467 1.186285 -0.843846 0.451193 0.322670 -0.041478 
34.450000 -1.187614 2.835073 -0.268310 -0.334073 0.671966 0.450940 -0.650066 1.334625 -0.892681 0.358032 0.151532 -0.092952 
34.500000 -1.112155 2.774369 -0.117494 -0.179799 0.522811 0.332530 -0.772419 1.474927 -0.945778 0.266793 -0.013309 -0.139220 
34.550000 -1.025537 2.696909 0.038095 -0.020724 0.370894 0.219290 -0.884621 1.604649 -1.001581 0.177915 -0.169864 -0.179159 
34.600000 -0.928930 2.603881 0.197327 0.141831 0.218125 0.112360 -0.985956 1.721393 -1.058484 0.091782 -0.316351 -0.211766 
34.650000 -0.823601 2.496634 0.358992 0.306515 0.066404 0.012745 -1.075911 1.822935 -1.114862 0.008722 -0.451217 -0.236169 
34.700000 -0.710895 2.376652 0.521812 0.471962 -0.082406 -0.078706 -1.154179 1.907264 -1.169096 -0.070988 -0.573164 -0.251647 
34.750000 -0.592223 2.245541 0.684448 0.636807 -0.226503 -0.161304 -1.220659 1.972611 -1.219606 -0.147118 -0.681162 -0.257632 
34.800000 -0.469040 2.104996 0.845513 0.799703 -0.364170 -0.234532 -1.275458 2.017474 -1.264880 -0.219481 -0.774466 -0.253716 
34.850000 -0.342830 1.956787 1.003583 0.959333 -0.493795 -0.298053 -1.318881 2.040645 -1.303498 -0.287928 -0.852624 -0.239660 
34.900000 -0.215088 1.802726 1.157211 1.114429 -0.613894 -0.351709 -1.351423 2.041224 -1.334163 -0.352345 -0.915476 -0.215388 
34.950000 -0.087302 1.644645 1.304939 1.263780 -0.723127 -0.395521 -1.373757 2.018641 -1.355721 -0.412641 -0.963158 -0.180991 
35.000000 0.039061 1.484376 1.445313 1.406251 -0.820313 -0.429688 -1.386719 1.972657 -1.367186 -0.468750 -0.996093 -0.136719 
35.050000 0.162576 1.323716 1.576900 1.540788 -0.904444 -0.454576 -1.391286 1.903377 -1.367758 -0.520618 -1.014977 -0.082975 
35.100000 0.281871 1.164413 1.698300 1.666430 -0.974697 -0.470715 -1.388560 1.811246 -1.356837 -0.568204 -1.020769 -0.020305 
35.150000 0.395644 1.008138 1.808163 1.782321 -1.030438 -0.478779 -1.379741 1.697044 -1.334038 -0.611469 -1.014665 0.050614 
35.200000 0.502674 0.856467 1.905203 1.887710 -1.071229 -0.479581 -1.366104 1.561879 -1.299198 -0.650374 -0.998077 0.128985 
35.250000 0.601835 0.710856 1.988214 1.981963 -1.096828 -0.474045 -1.348974 1.407172 -1.252384 -0.684875 -0.972607 0.213913 
35.300000 0.692106 0.572630 2.056083 2.064561 -1.107189 -0.463197 -1.329697 1.234635 -1.193894 -0.714920 -0.940010 0.304415 
35.350000 0.772576 0.442964 2.107808 2.135109 -1.102460 -0.448140 -1.309612 1.046253 -1.124250 -0.740442 -0.902169 0.399441 
35.400000 0.842459 0.322867 2.142504 2.193328 -1.082970 -0.430033 -1.290028 0.844254 -1.044199 -0.761363 -0.861053 0.497894 
35.450000 0.901090 0.213180 2.159421 2.239063 -1.049227 -0.410067 -1.272195 0.631077 -0.954700 -0.777586 -0.818682 0.598649 
35.500000 0.947937 0.114559 2.157953 2.272271 -1.001902 -0.389448 -1.257277 0.409345 -0.856908 -0.789000 -0.777092 0.700570 
35.550000 0.982599 0.027474 2.137645 2.293026 -0.941816 -0.369364 -1.246332 0.181820 -0.752161 -0.795475 -0.738294 0.802533 
35.600000 1.004806 -0.047790 2.098206 2.301510 -0.869926 -0.350972 -1.240284 -0.048625 -0.641958 -0.796868 -0.704239 0.903441 
35.650000 1.014421 -0.111141 2.039511 2.298004 -0.787306 -0.335369 -1.239912 -0.279056 -0.527938 -0.793022 -0.676779 1.002244 
35.700000 1.011434 -0.162667 1.961608 2.282885 -0.695130 -0.323574 -1.245823 -0.506509 -0.411853 -0.783770 -0.657636 1.097958 
35.750000 0.995961 -0.202638 1.864718 2.256616 -0.594649 -0.316507 -1.258445 -0.728038 -0.295541 -0.768938 -0.648365 1.189674 
35.800000 0.968234 -0.231493 1.749242 2.219737 -0.487176 -0.314971 -1.278015 -0.940749 -0.180897 -0.748352 -0.650329 1.276576 
35.850000 0.928599 -0.249829 1.615754 2.172855 -0.374062 -0.319637 -1.304568 -1.141847 -0.069845 -0.721837 -0.664669 1.357952 
35.900000 0.877508 -0.258391 1.464999 2.116633 -0.256678 -0.331029 -1.337938 -1.328668 0.035697 -0.689231 -0.692284 1.433204 
35.950000 0.815504 -0.258056 1.297892 2.051784 -0.136391 -0.349513 -1.377752 -1.498717 0.133844 -0.650384 -0.733810 1.501850 
36.000000 0.743222 -0.249812 1.115508 1.979056 -0.014550 -0.375289 -1.423441 -1.649704 0.222776 -0.605166 -0.789606 1.563537 
36.050000 0.661368 -0.234747 0.919074 1.899223 0.107539 -0.408386 -1.474240 -1.779571 0.300772 -0.553477 -0.859746 1.618036 
36.100000 0.570717 -0.214023 0.709958 1.813078 0.228623 -0.448657 -1.529203 -1.886524 0.366231 -0.495249 -0.944014 1.665245 
36.150000 0.472098 -0.188861 0.489659 1.721417 0.347523 -0.495784 -1.587218 -1.969053 0.417707 -0.430454 -1.041901 1.705186 
36.200000 0.366384 -0.160515 0.259791 1.625039 0.463146 -0.549277 -1.647018 -2.025952 0.453929 -0.359111 -1.152614 1.738000 
36.250000 0.254482 -0.130256 0.022069 1.524727 0.574497 -0.608483 -1.707211 -2.056335 0.473825 -0.281288 -1.275083 1.763940 
36.300000 0.137322 -0.099349 -0.221708 1.421250 0.680691 -0.672595 -1.766294 -2.059648 0.476542 -0.197114 -1.407978 1.783359 
36.350000 0.015846 -0.069032 -0.469674 1.315350 0.780958 -0.740666 -1.822685 -2.035673 0.461462 -0.106777 -1.549726 1.796703 
36.400000 -0.108999 -0.040498 -0.719912 1.207738 0.874648 -0.811619 -1.874745 -1.984531 0.428215 -0.010528 -1.698533 1.804493 
36.450000 -0.236274 -0.014876 -0.970478 1.099088 0.961238 -0.884272 -1.920812 -1.906674 0.376687 0.091312 -1.852415 1.807314 
36.500000 -0.365052 0.006787 -1.219418 0.990036 1.040330 -0.957348 -1.959223 -1.802886 0.307028 0.198354 -2.009227 1.805799 
36.550000 -0.494427 0.023541 -1.464785 0.881174 1.111651 -1.029505 -1.988352 -1.674260 0.219649 0.310138 -2.166692 1.800609 
36.600000 -0.623524 0.034547 -1.704664 0.773048 1.175047 -1.099353 -2.006636 -1.522190 0.115226 0.426136 -2.322445 1.792420 
36.650000 -0.751500 0.039089 -1.937186 0.666159 1.230479 -1.165478 -2.012604 -1.348346 -0.005314 0.545751 -2.474063 1.781904 
36.700000 -0.877548 0.036583 -2.160551 0.560962 1.278017 -1.226469 -2.004905 -1.154647 -0.140800 0.668323 -2.619108 1.769710 
36.750000 -1.000907 0.026587 -2.373046 0.457866 1.317826 -1.280940 -1.982340 -0.943241 -0.289831 0.793130 -2.755164 1.756449 
36.800000 -1.120858 0.008801 -2.573057 0.357236 1.350159 -1.327555 -1.943881 -0.716467 -0.450793 0.919395 -2.879881 1.742679 
36.850000 -1.236730 -0.016925 -2.759095 0.259397 1.375345 -1.365051 -1.888695 -0.476828 -0.621884 1.046291 -2.991008 1.728886 
36.900000 -1.347899 -0.050593 -2.929801 0.164634 1.393771 -1.392266 -1.816168 -0.226952 -0.801134 1.172951 -3.086433 1.715475 
36.950000 -1.453790 -0.092058 -3.083966 0.073199 1.405872 -1.408152 -1.725917 0.030443 -0.986434 1.298472 -3.164220 1.702753 
37.000000 -1.553871 -0.141036 -3.220540 -0.014690 1.412117 -1.411803 -1.617803 0.292582 -1.175563 1.421931 -3.222640 1.690923 
37.050000 -1.647662 -0.197105 -3.338641 -0.098839 1.412990 -1.402468 -1.491945 0.556676 -1.366222 1.542386 -3.260202 1.680076 
37.100000 -1.734720 -0.259717 -3.437566 -0.179078 1.408978 -1.379568 -1.348724 0.819955 -1.556061 1.658896 -3.275681 1.670180 
37.150000 -1.814649 -0.328209 -3.516796 -0.255255 1.400560 -1.342711 -1.188780 1.079703 -1.742717 1.770526 -3.268139 1.661083 
37.200000 -1.887089 -0.401813 -3.575998 -0.327233 1.388184 -1.291699 -1.013016 1.333296 -1.923843 1.876360 -3.236942 1.652510 
37.250000 -1.951717 -0.479672 -3.615028 -0.394885 1.372266 -1.226538 -0.822589 1.578231 -2.097145 1.975515 -3.181779 1.644062 
37.300000 -2.008239 -0.560853 -3.633933 -0.458089 1.353167 -1.147440 -0.618897 1.812161 -2.260409 2.067148 -3.102664 1.635225 
37.350000 -2.056397 -0.644365 -3.632944 -0.516727 1.331193 -1.054825 -0.403567 2.032916 -2.411538 2.150473 -2.999948 1.625373 
37.400000 -2.095953 -0.729174 -3.612475 -0.570682 1.306580 -0.949319 -0.178436 2.238534 -2.548575 2.224765 -2.874308 1.613779 
37.450000 -2.126696 -0.814220 -3.573117 -0.619835 1.279489 -0.831747 0.054472 2.427278 -2.669738 2.289378 -2.726751 1.599629 
37.500000 -2.148437 -0.898437 -3.515624 -0.664063 1.250001 -0.703126 0.292969 2.597656 -2.773438 2.343750 -2.558594 1.582031 
37.550000 -2.161004 -0.980768 -3.440910 -0.703241 1.218115 -0.564648 0.534735 2.748433 -2.858306 2.387413 -2.371454 1.560034 
37.600000 -2.164242 -1.060179 -3.350032 -0.737237 1.183749 -0.417672 0.777344 2.878640 -2.923208 2.420001 -2.167222 1.532646 
37.650000 -2.158014 -1.135683 -3.244180 -0.765919 1.146736 -0.263702 1.018300 2.987583 -2.967262 2.441254 -1.948042 1.498852 
37.700000 -2.142199 -1.206344 -3.124656 -0.789150 1.106832 -0.104367 1.255069 3.074840 -2.989851 2.451029 -1.716281 1.457632 
37.750000 -2.116689 -1.271303 -2.992868 -0.806796 1.063721 0.058599 1.485117 3.140261 -2.990629 2.449297 -1.474491 1.407986 
37.800000 -2.081395 -1.329781 -2.850302 -0.818724 1.017020 0.223384 1.705941 3.183959 -2.969525 2.436151 -1.225382 1.348953 
37.850000 -2.036244 -1.381094 -2.698513 -0.824810 0.966292 0.388122 1.915112 3.206304 -2.926742 2.411804 -0.971778 1.279634 
37.900000 -1.981184 -1.424662 -2.539103 -0.824939 0.911054 0.550921 2.110301 3.207905 -2.862755 2.376585 -0.716575 1.199209 
37.950000 -1.916184 -1.460016 -2.373701 -0.819012 0.850788 0.709887 2.289322 3.189594 -2.778300 2.330944 -0.462707 1.106963 
38.000000 -1.841240 -1.486805 -2.203949 -0.806950 0.784959 0.863156 2.450157 3.152405 -2.674363 2.275441 -0.213096 1.002302 
38.050000 -1.756374 -1.504794 -2.031480 -0.788700 0.713029 1.008920 2.590992 3.097555 -2.552163 2.210741 0.029385 0.884773 
38.100000 -1.661642 -1.513872 -1.857899 -0.764239 0.634466 1.145452 2.710242 3.026413 -2.413137 2.137612 0.261956 0.754078 
38.150000 -1.557136 -1.514049 -1.684773 -0.733582 0.548767 1.271134 2.806576 2.940481 -2.258911 2.056909 0.481969 0.610091 
38.200000 -1.442991 -1.505449 -1.513603 -0.696785 0.455473 1.384481 2.878937 2.841360 -2.091282 1.969567 0.686947 0.452867 
38.250000 -1.319386 -1.488311 -1.345820 -0.653950 0.354178 1.484163 2.926562 2.730723 -1.912184 1.876592 0.874619 0.282653 
38.300000 -1.186548 -1.462980 -1.182763 -0.605232 0.244553 1.569027 2.948994 2.610290 -1.723665 1.779044 1.042955 0.099898 
38.350000 -1.044762 -1.429899 -1.025669 -0.550842 0.126355 1.638111 2.946092 2.481794 -1.527851 1.678024 1.190190 -0.094750 
38.400000 -0.894369 -1.389598 -0.875660 -0.491048 -0.000559 1.690666 2.918034 2.346957 -1.326919 1.574664 1.314857 -0.300440 
38.450000 -0.735772 -1.342685 -0.733738 -0.426184 -0.136219 1.726161 2.865317 2.207460 -1.123061 1.470106 1.415799 -0.516120 
38.500000 -0.569439 -1.289833 -0.600768 -0.356646 -0.280530 1.744297 2.788757 2.064923 -0.918453 1.365493 1.492192 -0.740543 
38.550000 -0.395905 -1.231764 -0.477482 -0.282898 -0.433268 1.745011 2.689472 1.920874 -0.715226 1.261948 1.543552 -0.972278 
38.600000 -0.215774 -1.169241 -0.364465 -0.205469 -0.594070 1.728477 2.568878 1.776735 -0.515431 1.160562 1.569744 -1.209721 
38.650000 -0.029720 -1.103048 -0.262159 -0.124952 -0.762428 1.695105 2.428661 1.633798 -0.321012 1.062381 1.570979 -1.451109 
38.700000 0.161514 -1.033978 -0.170860 -0.042006 -0.937694 1.645539 2.270765 1.493216 -0.133779 0.968385 1.547811 -1.694541 
38.750000 0.357115 -0.962821 -0.090717 0.042652 -1.119071 1.580643 2.097359 1.355984 0.044615 0.879481 1.501129 -1.937995 
38.800000 0.556207 -0.890346 -0.021739 0.128249 -1.305625 1.501494 1.910814 1.222931 0.212701 0.796487 1.432140 -2.179353 
38.850000 0.757848 -0.817289 0.036204 0.213961 -1.496284 1.409365 1.713665 1.094719 0.369211 0.720120 1.342347 -2.416429 
38.900000 0.961038 -0.744341 0.083373 0.298920 -1.689848 1.305707 1.508582 0.971836 0.513091 0.650989 1.233533 -2.646988 
38.950000 1.164727 -0.672139 0.120154 0.382223 -1.885001 1.192130 1.298332 0.854595 0.643517 0.589580 1.107722 -2.868782 
39.000000 1.367815 -0.601251 0.147047 0.462938 -2.080322 1.070378 1.085741 0.743145 0.759904 0.536257 0.967155 -3.079577 
39.050000 1.569166 -0.532171 0.164658 0.540116 -2.274299 0.942304 0.873653 0.637474 0.861905 0.491250 0.814252 -3.277178 
39.100000 1.767613 -0.465310 0.173685 0.612800 -2.465348 0.809845 0.664897 0.537418 0.949421 0.454652 0.651575 -3.459467 
39.150000 1.961971 -0.400991 0.174909 0.680035 -2.651833 0.674991 0.462240 0.442677 1.022587 0.426422 0.481786 -3.624425 
39.200000 2.151044 -0.339446 0.169177 0.740881 -2.832079 0.539760 0.268357 0.352831 1.081775 0.406381 0.307607 -3.770165 
39.250000 2.333640 -0.280816 0.157394 0.794425 -3.004402 0.406166 0.085788 0.267357 1.127577 0.394213 0.131780 -3.894957 
39.300000 2.508579 -0.225145 0.140505 0.839793 -3.167127 0.276188 -0.083093 0.185644 1.160793 0.389475 -0.042979 -3.997258 
39.350000 2.674708 -0.172390 0.119482 0.876159 -3.318611 0.151746 -0.236113 0.107024 1.182415 0.391597 -0.214018 -4.075731 
39.400000 2.830914 -0.122419 0.095312 0.902761 -3.457265 0.034668 -0.371328 0.030785 1.193603 0.399893 -0.378793 -4.129269 
39.450000 2.976136 -0.075020 0.068980 0.918912 -3.581580 -0.073333 -0.487048 -0.043803 1.195664 0.413569 -0.534903 -4.157014 
39.500000 3.109377 -0.029904 0.041459 0.924007 -3.690149 -0.170686 -0.581865 -0.117465 1.190028 0.431737 -0.680132 -4.158372 
39.550000 3.229716 0.013279 0.013697 0.917538 -3.781686 -0.255985 -0.654666 -0.190898 1.178219 0.453425 -0.812475 -4.133026 
39.600000 3.336323 0.054937 -0.013397 0.899103 -3.855048 -0.328007 -0.704647 -0.264753 1.161825 0.477591 -0.930174 -4.080946 
39.650000 3.428469 0.095520 -0.038963 0.868412 -3.909255 -0.385733 -0.731329 -0.339608 1.142473 0.503140 -1.031739 -4.002389 
39.700000 3.505534 0.135511 -0.062198 0.825294 -3.943505 -0.428360 -0.734557 -0.415956 1.121794 0.528938 -1.115974 -3.897910 
39.750000 3.567021 0.175411 -0.082368 0.769706 -3.957193 -0.455314 -0.714503 -0.494182 1.101397 0.553832 -1.181993 -3.768349 
39.800000 3.612562 0.215724 -0.098816 0.701738 -3.949919 -0.466256 -0.671661 -0.574552 1.082838 0.576662 -1.229228 -3.614832 
39.850000 3.641927 0.256947 -0.110965 0.621609 -3.921501 -0.461090 -0.606840 -0.657200 1.067590 0.596283 -1.257441 -3.438759 
39.900000 3.655026 0.299554 -0.118325 0.529676 -3.871979 -0.439959 -0.521147 -0.742116 1.057020 0.611580 -1.266722 -3.241787 
39.950000 3.651919 0.343984 -0.120501 0.426432 -3.801625 -0.403245 -0.415973 -0.829143 1.052361 0.621486 -1.257487 -3.025816 
